#righthanded=True
#normalized=True
symmetry_name /home/shared/databases/SYMMETRICAL/I/unrelaxed/native/../../idealized/symdef/native/1STM.symm_2fold_based
E = 60*VRT21fold111_sds + 60*(VRT21fold111_sds:VRT25fold111_sds) + 60*(VRT21fold111_sds:VRT24fold111_sds) + 60*(VRT21fold111_:VRT22fold121_sds) + 30*(VRT21fold111_sds:VRT21fold121_sds) + 30*(VRT21fold111_sds:VRT26fold111_sds)
anchor_residue COM
virtual_coordinates_start
xyz VRTglobal 1.000000,0.000000,0.000000 0.000000,1.000000,0.000000 0.000000,0.000000,0.000000
xyz VRT21fold -0.006183,-0.940874,-0.338701 -0.905020,-0.138798,0.402088 0.000000,0.000000,0.000000
xyz VRT21fold1_z_tref -0.006183,-0.940874,-0.338701 -0.905020,-0.138798,0.402088 -0.425325,0.309017,-0.850651
xyz VRT21fold1 -0.006183,-0.940874,-0.338701 -0.905020,-0.138798,0.402088 0.000000,0.000000,0.000000
xyz VRT21fold1_z_rref -0.006183,-0.940874,-0.338701 -0.905020,-0.138798,0.402088 0.425325,-0.309017,0.850651
xyz VRT21fold1_z -0.006183,-0.940874,-0.338701 -0.905020,-0.138798,0.402088 0.000000,0.000000,0.000000
xyz VRT21fold111_x_tref -0.006183,-0.940874,-0.338701 -0.905020,-0.138798,0.402088 -0.006183,-0.940874,-0.338701
xyz VRT21fold11 -0.006183,-0.940874,-0.338701 -0.905020,-0.138798,0.402088 0.000000,0.000000,0.000000
xyz VRT21fold111 -0.006183,-0.940874,-0.338701 -0.905020,-0.138798,0.402088 0.000000,0.000000,0.000000
xyz VRT21fold111_x_rref -0.006183,-0.940874,-0.338701 -0.905020,-0.138798,0.402088 0.006183,0.940874,0.338701
xyz VRT21fold111_x -0.006183,-0.940874,-0.338701 -0.905020,-0.138798,0.402088 0.000000,0.000000,0.000000
xyz VRT21fold111_y_rref -0.006183,-0.940874,-0.338701 -0.905020,-0.138798,0.402088 0.905020,0.138798,-0.402088
xyz VRT21fold111_y -0.006183,-0.940874,-0.338701 -0.905020,-0.138798,0.402088 0.000000,0.000000,0.000000
xyz VRT21fold111_z_rref -0.006183,-0.940874,-0.338701 -0.905020,-0.138798,0.402088 0.425325,-0.309017,0.850651
xyz VRT21fold111_z -0.006183,-0.940874,-0.338701 -0.905020,-0.138798,0.402088 0.000000,0.000000,0.000000
xyz VRT21fold111_sds -1.000000,0.000000,0.000000 0.000000,1.000000,0.000000 0.000000,0.000000,0.000000
xyz VRT21fold121_x_tref 0.006183,0.940874,0.338701 0.905020,0.138798,-0.402088 0.006183,0.940874,0.338701
xyz VRT21fold12 0.006183,0.940874,0.338701 0.905020,0.138798,-0.402088 0.000000,0.000000,0.000000
xyz VRT21fold121 0.006183,0.940874,0.338701 0.905020,0.138798,-0.402088 0.000000,0.000000,0.000000
xyz VRT21fold121_x_rref 0.006183,0.940874,0.338701 0.905020,0.138798,-0.402088 -0.006183,-0.940874,-0.338701
xyz VRT21fold121_x 0.006183,0.940874,0.338701 0.905020,0.138798,-0.402088 0.000000,0.000000,0.000000
xyz VRT21fold121_y_rref 0.006183,0.940874,0.338701 0.905020,0.138798,-0.402088 -0.905020,-0.138798,0.402088
xyz VRT21fold121_y 0.006183,0.940874,0.338701 0.905020,0.138798,-0.402088 0.000000,0.000000,0.000000
xyz VRT21fold121_z_rref 0.006183,0.940874,0.338701 0.905020,0.138798,-0.402088 0.425325,-0.309017,0.850651
xyz VRT21fold121_z 0.006183,0.940874,0.338701 0.905020,0.138798,-0.402088 0.000000,0.000000,0.000000
xyz VRT21fold121_sds 0.638197,0.262865,-0.723606 -0.262865,-0.809017,-0.525731 0.000000,0.000000,0.000000
xyz VRT22fold 0.892913,-0.296627,-0.338701 -0.147662,-0.903616,0.402088 0.000000,0.000000,0.000000
xyz VRT22fold1_z_tref 0.892913,-0.296627,-0.338701 -0.147662,-0.903616,0.402088 -0.425325,-0.309017,-0.850651
xyz VRT22fold1 0.892913,-0.296627,-0.338701 -0.147662,-0.903616,0.402088 0.000000,0.000000,0.000000
xyz VRT22fold1_z_rref 0.892913,-0.296627,-0.338701 -0.147662,-0.903616,0.402088 0.425325,0.309017,0.850651
xyz VRT22fold1_z 0.892913,-0.296627,-0.338701 -0.147662,-0.903616,0.402088 0.000000,0.000000,0.000000
xyz VRT22fold111_x_tref 0.892913,-0.296627,-0.338701 -0.147662,-0.903616,0.402088 0.892913,-0.296627,-0.338701
xyz VRT22fold11 0.892913,-0.296627,-0.338701 -0.147662,-0.903616,0.402088 0.000000,0.000000,0.000000
xyz VRT22fold111 0.892913,-0.296627,-0.338701 -0.147662,-0.903616,0.402088 0.000000,0.000000,0.000000
xyz VRT22fold111_x_rref 0.892913,-0.296627,-0.338701 -0.147662,-0.903616,0.402088 -0.892913,0.296627,0.338701
xyz VRT22fold111_x 0.892913,-0.296627,-0.338701 -0.147662,-0.903616,0.402088 0.000000,0.000000,0.000000
xyz VRT22fold111_y_rref 0.892913,-0.296627,-0.338701 -0.147662,-0.903616,0.402088 0.147662,0.903616,-0.402088
xyz VRT22fold111_y 0.892913,-0.296627,-0.338701 -0.147662,-0.903616,0.402088 0.000000,0.000000,0.000000
xyz VRT22fold111_z_rref 0.892913,-0.296627,-0.338701 -0.147662,-0.903616,0.402088 0.425325,0.309017,0.850651
xyz VRT22fold111_z 0.892913,-0.296627,-0.338701 -0.147662,-0.903616,0.402088 0.000000,0.000000,0.000000
xyz VRT22fold111_sds -0.309017,-0.951057,0.000000 -0.951057,0.309017,0.000000 0.000000,0.000000,0.000000
xyz VRT22fold121_x_tref -0.892913,0.296627,0.338701 0.147662,0.903616,-0.402088 -0.892913,0.296627,0.338701
xyz VRT22fold12 -0.892913,0.296627,0.338701 0.147662,0.903616,-0.402088 0.000000,0.000000,0.000000
xyz VRT22fold121 -0.892913,0.296627,0.338701 0.147662,0.903616,-0.402088 0.000000,0.000000,0.000000
xyz VRT22fold121_x_rref -0.892913,0.296627,0.338701 0.147662,0.903616,-0.402088 0.892913,-0.296627,-0.338701
xyz VRT22fold121_x -0.892913,0.296627,0.338701 0.147662,0.903616,-0.402088 0.000000,0.000000,0.000000
xyz VRT22fold121_y_rref -0.892913,0.296627,0.338701 0.147662,0.903616,-0.402088 -0.147662,-0.903616,0.402088
xyz VRT22fold121_y -0.892913,0.296627,0.338701 0.147662,0.903616,-0.402088 0.000000,0.000000,0.000000
xyz VRT22fold121_z_rref -0.892913,0.296627,0.338701 0.147662,0.903616,-0.402088 0.425325,0.309017,0.850651
xyz VRT22fold121_z -0.892913,0.296627,0.338701 0.147662,0.903616,-0.402088 0.000000,0.000000,0.000000
xyz VRT22fold121_sds -0.052786,0.688191,-0.723606 0.688191,-0.500000,-0.525731 0.000000,0.000000,0.000000
xyz VRT23fold 0.558034,0.757548,-0.338701 0.813760,-0.419667,0.402088 0.000000,0.000000,0.000000
xyz VRT23fold1_z_tref 0.558034,0.757548,-0.338701 0.813760,-0.419667,0.402088 0.162460,-0.500000,-0.850651
xyz VRT23fold1 0.558034,0.757548,-0.338701 0.813760,-0.419667,0.402088 0.000000,0.000000,0.000000
xyz VRT23fold1_z_rref 0.558034,0.757548,-0.338701 0.813760,-0.419667,0.402088 -0.162460,0.500000,0.850651
xyz VRT23fold1_z 0.558034,0.757548,-0.338701 0.813760,-0.419667,0.402088 0.000000,0.000000,0.000000
xyz VRT23fold111_x_tref 0.558034,0.757548,-0.338701 0.813760,-0.419667,0.402088 0.558034,0.757548,-0.338701
xyz VRT23fold11 0.558034,0.757548,-0.338701 0.813760,-0.419667,0.402088 0.000000,0.000000,0.000000
xyz VRT23fold111 0.558034,0.757548,-0.338701 0.813760,-0.419667,0.402088 0.000000,0.000000,0.000000
xyz VRT23fold111_x_rref 0.558034,0.757548,-0.338701 0.813760,-0.419667,0.402088 -0.558034,-0.757548,0.338701
xyz VRT23fold111_x 0.558034,0.757548,-0.338701 0.813760,-0.419667,0.402088 0.000000,0.000000,0.000000
xyz VRT23fold111_y_rref 0.558034,0.757548,-0.338701 0.813760,-0.419667,0.402088 -0.813760,0.419667,-0.402088
xyz VRT23fold111_y 0.558034,0.757548,-0.338701 0.813760,-0.419667,0.402088 0.000000,0.000000,0.000000
xyz VRT23fold111_z_rref 0.558034,0.757548,-0.338701 0.813760,-0.419667,0.402088 -0.162460,0.500000,0.850651
xyz VRT23fold111_z 0.558034,0.757548,-0.338701 0.813760,-0.419667,0.402088 0.000000,0.000000,0.000000
xyz VRT23fold111_sds 0.809017,-0.587785,0.000000 -0.587785,-0.809017,0.000000 0.000000,0.000000,0.000000
xyz VRT24fold -0.548029,0.764817,-0.338701 0.650593,0.644247,0.402088 0.000000,0.000000,0.000000
xyz VRT24fold1_z_tref -0.548029,0.764817,-0.338701 0.650593,0.644247,0.402088 0.525731,-0.000000,-0.850651
xyz VRT24fold1 -0.548029,0.764817,-0.338701 0.650593,0.644247,0.402088 0.000000,0.000000,0.000000
xyz VRT24fold1_z_rref -0.548029,0.764817,-0.338701 0.650593,0.644247,0.402088 -0.525731,0.000000,0.850651
xyz VRT24fold1_z -0.548029,0.764817,-0.338701 0.650593,0.644247,0.402088 0.000000,0.000000,0.000000
xyz VRT24fold111_x_tref -0.548029,0.764817,-0.338701 0.650593,0.644247,0.402088 -0.548029,0.764817,-0.338701
xyz VRT24fold11 -0.548029,0.764817,-0.338701 0.650593,0.644247,0.402088 0.000000,0.000000,0.000000
xyz VRT24fold111 -0.548029,0.764817,-0.338701 0.650593,0.644247,0.402088 0.000000,0.000000,0.000000
xyz VRT24fold111_x_rref -0.548029,0.764817,-0.338701 0.650593,0.644247,0.402088 0.548029,-0.764817,0.338701
xyz VRT24fold111_x -0.548029,0.764817,-0.338701 0.650593,0.644247,0.402088 0.000000,0.000000,0.000000
xyz VRT24fold111_y_rref -0.548029,0.764817,-0.338701 0.650593,0.644247,0.402088 -0.650593,-0.644247,-0.402088
xyz VRT24fold111_y -0.548029,0.764817,-0.338701 0.650593,0.644247,0.402088 0.000000,0.000000,0.000000
xyz VRT24fold111_z_rref -0.548029,0.764817,-0.338701 0.650593,0.644247,0.402088 -0.525731,0.000000,0.850651
xyz VRT24fold111_z -0.548029,0.764817,-0.338701 0.650593,0.644247,0.402088 0.000000,0.000000,0.000000
xyz VRT24fold111_sds 0.809017,0.587785,0.000000 0.587785,-0.809017,0.000000 0.000000,0.000000,0.000000
xyz VRT25fold -0.896735,-0.284865,-0.338701 -0.411671,0.817834,0.402088 0.000000,0.000000,0.000000
xyz VRT25fold1_z_tref -0.896735,-0.284865,-0.338701 -0.411671,0.817834,0.402088 0.162460,0.500000,-0.850651
xyz VRT25fold1 -0.896735,-0.284865,-0.338701 -0.411671,0.817834,0.402088 0.000000,0.000000,0.000000
xyz VRT25fold1_z_rref -0.896735,-0.284865,-0.338701 -0.411671,0.817834,0.402088 -0.162460,-0.500000,0.850651
xyz VRT25fold1_z -0.896735,-0.284865,-0.338701 -0.411671,0.817834,0.402088 0.000000,0.000000,0.000000
xyz VRT25fold111_x_tref -0.896735,-0.284865,-0.338701 -0.411671,0.817834,0.402088 -0.896735,-0.284865,-0.338701
xyz VRT25fold11 -0.896735,-0.284865,-0.338701 -0.411671,0.817834,0.402088 0.000000,0.000000,0.000000
xyz VRT25fold111 -0.896735,-0.284865,-0.338701 -0.411671,0.817834,0.402088 0.000000,0.000000,0.000000
xyz VRT25fold111_x_rref -0.896735,-0.284865,-0.338701 -0.411671,0.817834,0.402088 0.896735,0.284865,0.338701
xyz VRT25fold111_x -0.896735,-0.284865,-0.338701 -0.411671,0.817834,0.402088 0.000000,0.000000,0.000000
xyz VRT25fold111_y_rref -0.896735,-0.284865,-0.338701 -0.411671,0.817834,0.402088 0.411671,-0.817834,-0.402088
xyz VRT25fold111_y -0.896735,-0.284865,-0.338701 -0.411671,0.817834,0.402088 0.000000,0.000000,0.000000
xyz VRT25fold111_z_rref -0.896735,-0.284865,-0.338701 -0.411671,0.817834,0.402088 -0.162460,-0.500000,0.850651
xyz VRT25fold111_z -0.896735,-0.284865,-0.338701 -0.411671,0.817834,0.402088 0.000000,0.000000,0.000000
xyz VRT25fold111_sds -0.309017,0.951057,0.000000 0.951057,0.309017,0.000000 0.000000,0.000000,0.000000
xyz VRT26fold -0.488464,0.581491,-0.650593 0.832049,0.085782,-0.548030 0.000000,0.000000,0.000000
xyz VRT26fold1_z_tref -0.488464,0.581491,-0.650593 0.832049,0.085782,-0.548030 -0.262866,-0.809017,-0.525730
xyz VRT26fold1 -0.488464,0.581491,-0.650593 0.832049,0.085782,-0.548030 0.000000,0.000000,0.000000
xyz VRT26fold1_z_rref -0.488464,0.581491,-0.650593 0.832049,0.085782,-0.548030 0.262866,0.809017,0.525730
xyz VRT26fold1_z -0.488464,0.581491,-0.650593 0.832049,0.085782,-0.548030 0.000000,0.000000,0.000000
xyz VRT26fold111_x_tref -0.488464,0.581491,-0.650593 0.832049,0.085782,-0.548030 -0.488464,0.581491,-0.650593
xyz VRT26fold11 -0.488464,0.581491,-0.650593 0.832049,0.085782,-0.548030 0.000000,0.000000,0.000000
xyz VRT26fold111 -0.488464,0.581491,-0.650593 0.832049,0.085782,-0.548030 0.000000,0.000000,0.000000
xyz VRT26fold111_x_rref -0.488464,0.581491,-0.650593 0.832049,0.085782,-0.548030 0.488464,-0.581491,0.650593
xyz VRT26fold111_x -0.488464,0.581491,-0.650593 0.832049,0.085782,-0.548030 0.000000,0.000000,0.000000
xyz VRT26fold111_y_rref -0.488464,0.581491,-0.650593 0.832049,0.085782,-0.548030 -0.832049,-0.085782,0.548030
xyz VRT26fold111_y -0.488464,0.581491,-0.650593 0.832049,0.085782,-0.548030 0.000000,0.000000,0.000000
xyz VRT26fold111_z_rref -0.488464,0.581491,-0.650593 0.832049,0.085782,-0.548030 0.262866,0.809017,0.525730
xyz VRT26fold111_z -0.488464,0.581491,-0.650593 0.832049,0.085782,-0.548030 0.000000,0.000000,0.000000
xyz VRT26fold111_sds 0.638197,-0.262866,-0.723607 0.262866,-0.809017,0.525732 0.000000,0.000000,0.000000
xyz VRT27fold 0.402088,0.644247,-0.650593 0.338700,-0.764817,-0.548030 0.000000,0.000000,0.000000
xyz VRT27fold1_z_tref 0.402088,0.644247,-0.650593 0.338700,-0.764817,-0.548030 -0.850651,0.000000,-0.525731
xyz VRT27fold1 0.402088,0.644247,-0.650593 0.338700,-0.764817,-0.548030 0.000000,0.000000,0.000000
xyz VRT27fold1_z_rref 0.402088,0.644247,-0.650593 0.338700,-0.764817,-0.548030 0.850651,-0.000000,0.525731
xyz VRT27fold1_z 0.402088,0.644247,-0.650593 0.338700,-0.764817,-0.548030 0.000000,0.000000,0.000000
xyz VRT27fold111_x_tref 0.402088,0.644247,-0.650593 0.338700,-0.764817,-0.548030 0.402088,0.644247,-0.650593
xyz VRT27fold11 0.402088,0.644247,-0.650593 0.338700,-0.764817,-0.548030 0.000000,0.000000,0.000000
xyz VRT27fold111 0.402088,0.644247,-0.650593 0.338700,-0.764817,-0.548030 0.000000,0.000000,0.000000
xyz VRT27fold111_x_rref 0.402088,0.644247,-0.650593 0.338700,-0.764817,-0.548030 -0.402088,-0.644247,0.650593
xyz VRT27fold111_x 0.402088,0.644247,-0.650593 0.338700,-0.764817,-0.548030 0.000000,0.000000,0.000000
xyz VRT27fold111_y_rref 0.402088,0.644247,-0.650593 0.338700,-0.764817,-0.548030 -0.338700,0.764817,0.548030
xyz VRT27fold111_y 0.402088,0.644247,-0.650593 0.338700,-0.764817,-0.548030 0.000000,0.000000,0.000000
xyz VRT27fold111_z_rref 0.402088,0.644247,-0.650593 0.338700,-0.764817,-0.548030 0.850651,-0.000000,0.525731
xyz VRT27fold111_z 0.402088,0.644247,-0.650593 0.338700,-0.764817,-0.548030 0.000000,0.000000,0.000000
xyz VRT27fold111_sds -0.052787,-0.688191,-0.723607 -0.688191,-0.500000,0.525731 0.000000,0.000000,0.000000
xyz VRTXfold1_z_tref 0.736967,-0.183325,-0.650593 -0.622720,-0.558464,-0.548030 -0.262866,0.809017,-0.525731
xyz VRTXfold 0.736967,-0.183325,-0.650593 -0.622720,-0.558464,-0.548030 0.000000,0.000000,0.000000
xyz VRTXfold1 0.736967,-0.183325,-0.650593 -0.622720,-0.558464,-0.548030 0.000000,0.000000,0.000000
xyz VRTXfold1_z_rref 0.736967,-0.183325,-0.650593 -0.622720,-0.558464,-0.548030 0.262866,-0.809017,0.525731
xyz VRTXfold1_z 0.736967,-0.183325,-0.650593 -0.622720,-0.558464,-0.548030 0.000000,0.000000,0.000000
xyz VRTXfold11 0.736967,-0.183325,-0.650593 -0.622720,-0.558464,-0.548030 0.000000,0.000000,0.000000
xyz VRTXfold111_x_tref 0.736967,-0.183325,-0.650593 -0.622720,-0.558464,-0.548030 0.736967,-0.183325,-0.650593
xyz VRTXfold111 0.736967,-0.183325,-0.650593 -0.622720,-0.558464,-0.548030 0.000000,0.000000,0.000000
xyz VRTXfold111_x_rref 0.736967,-0.183325,-0.650593 -0.622720,-0.558464,-0.548030 -0.736967,0.183325,0.650593
xyz VRTXfold111_x 0.736967,-0.183325,-0.650593 -0.622720,-0.558464,-0.548030 0.000000,0.000000,0.000000
xyz VRTXfold111_y_rref 0.736967,-0.183325,-0.650593 -0.622720,-0.558464,-0.548030 0.622720,0.558464,0.548030
xyz VRTXfold111_y 0.736967,-0.183325,-0.650593 -0.622720,-0.558464,-0.548030 0.000000,0.000000,0.000000
xyz VRTXfold111_z_rref 0.736967,-0.183325,-0.650593 -0.622720,-0.558464,-0.548030 0.262866,-0.809017,0.525731
xyz VRTXfold111_z 0.736967,-0.183325,-0.650593 -0.622720,-0.558464,-0.548030 0.000000,0.000000,0.000000
xyz VRTXfold111_sds -0.670821,-0.162459,-0.723607 -0.688191,0.500000,0.525731 0.000000,0.000000,0.000000
xyz VRTYfold1_z_tref -0.736967,0.183325,0.650593 0.622720,0.558464,0.548030 -0.262865,0.809018,-0.525730
xyz VRTYfold -0.736967,0.183325,0.650593 0.622720,0.558464,0.548030 0.000000,0.000000,0.000000
xyz VRTYfold1 -0.736967,0.183325,0.650593 0.622720,0.558464,0.548030 0.000000,0.000000,0.000000
xyz VRTYfold1_z_rref -0.736967,0.183325,0.650593 0.622720,0.558464,0.548030 0.262865,-0.809018,0.525730
xyz VRTYfold1_z -0.736967,0.183325,0.650593 0.622720,0.558464,0.548030 0.000000,0.000000,0.000000
xyz VRTYfold11 -0.736967,0.183325,0.650593 0.622720,0.558464,0.548030 0.000000,0.000000,0.000000
xyz VRTYfold111_x_tref -0.736967,0.183325,0.650593 0.622720,0.558464,0.548030 -0.736967,0.183325,0.650593
xyz VRTYfold111 -0.736967,0.183325,0.650593 0.622720,0.558464,0.548030 0.000000,0.000000,0.000000
xyz VRTYfold111_x_rref -0.736967,0.183325,0.650593 0.622720,0.558464,0.548030 0.736967,-0.183325,-0.650593
xyz VRTYfold111_x -0.736967,0.183325,0.650593 0.622720,0.558464,0.548030 0.000000,0.000000,0.000000
xyz VRTYfold111_y_rref -0.736967,0.183325,0.650593 0.622720,0.558464,0.548030 -0.622720,-0.558464,-0.548030
xyz VRTYfold111_y -0.736967,0.183325,0.650593 0.622720,0.558464,0.548030 0.000000,0.000000,0.000000
xyz VRTYfold111_z_rref -0.736967,0.183325,0.650593 0.622720,0.558464,0.548030 0.262865,-0.809018,0.525730
xyz VRTYfold111_z -0.736967,0.183325,0.650593 0.622720,0.558464,0.548030 0.000000,0.000000,0.000000
xyz VRTYfold111_sds 0.447214,0.850650,0.276394 0.525731,0.000001,-0.850651 0.000000,0.000000,0.000000
xyz VRTZfold1_z_tref -0.703975,-0.284865,-0.650593 0.175534,0.817833,-0.548030 0.688191,-0.500000,-0.525731
xyz VRTZfold -0.703975,-0.284865,-0.650593 0.175534,0.817833,-0.548030 0.000000,0.000000,0.000000
xyz VRTZfold1 -0.703975,-0.284865,-0.650593 0.175534,0.817833,-0.548030 0.000000,0.000000,0.000000
xyz VRTZfold1_z_rref -0.703975,-0.284865,-0.650593 0.175534,0.817833,-0.548030 -0.688191,0.500000,0.525731
xyz VRTZfold1_z -0.703975,-0.284865,-0.650593 0.175534,0.817833,-0.548030 0.000000,0.000000,0.000000
xyz VRTZfold11 -0.703975,-0.284865,-0.650593 0.175534,0.817833,-0.548030 0.000000,0.000000,0.000000
xyz VRTZfold111_x_tref -0.703975,-0.284865,-0.650593 0.175534,0.817833,-0.548030 -0.703975,-0.284865,-0.650593
xyz VRTZfold111 -0.703975,-0.284865,-0.650593 0.175534,0.817833,-0.548030 0.000000,0.000000,0.000000
xyz VRTZfold111_x_rref -0.703975,-0.284865,-0.650593 0.175534,0.817833,-0.548030 0.703975,0.284865,0.650593
xyz VRTZfold111_x -0.703975,-0.284865,-0.650593 0.175534,0.817833,-0.548030 0.000000,0.000000,0.000000
xyz VRTZfold111_y_rref -0.703975,-0.284865,-0.650593 0.175534,0.817833,-0.548030 -0.175534,-0.817833,0.548030
xyz VRTZfold111_y -0.703975,-0.284865,-0.650593 0.175534,0.817833,-0.548030 0.000000,0.000000,0.000000
xyz VRTZfold111_z_rref -0.703975,-0.284865,-0.650593 0.175534,0.817833,-0.548030 -0.688191,0.500000,0.525731
xyz VRTZfold111_z -0.703975,-0.284865,-0.650593 0.175534,0.817833,-0.548030 0.000000,0.000000,0.000000
xyz VRTZfold111_sds 0.447214,0.525731,-0.723607 0.850651,-0.000000,0.525731 0.000000,0.000000,0.000000
xyz VRT25fold121_x_tref 0.896735,0.284865,0.338701 0.411671,-0.817834,-0.402088 0.896735,0.284865,0.338701
xyz VRT25fold12 0.896735,0.284865,0.338701 0.411671,-0.817834,-0.402088 0.000000,0.000000,0.000000
xyz VRT25fold121 0.896735,0.284865,0.338701 0.411671,-0.817834,-0.402088 0.000000,0.000000,0.000000
xyz VRT25fold121_x_rref 0.896735,0.284865,0.338701 0.411671,-0.817834,-0.402088 -0.896735,-0.284865,-0.338701
xyz VRT25fold121_x 0.896735,0.284865,0.338701 0.411671,-0.817834,-0.402088 0.000000,0.000000,0.000000
xyz VRT25fold121_y_rref 0.896735,0.284865,0.338701 0.411671,-0.817834,-0.402088 -0.411671,0.817834,0.402088
xyz VRT25fold121_y 0.896735,0.284865,0.338701 0.411671,-0.817834,-0.402088 0.000000,0.000000,0.000000
xyz VRT25fold121_z_rref 0.896735,0.284865,0.338701 0.411671,-0.817834,-0.402088 -0.162461,-0.500000,0.850651
xyz VRT25fold121_z 0.896735,0.284865,0.338701 0.411671,-0.817834,-0.402088 0.000000,0.000000,0.000000
xyz VRT25fold121_sds 0.447214,-0.525732,-0.723606 -0.850651,0.000000,-0.525732 0.000000,0.000000,0.000000
xyz VRT23fold121_x_tref -0.558034,-0.757548,0.338701 -0.813760,0.419667,-0.402088 -0.558034,-0.757548,0.338701
xyz VRT23fold12 -0.558034,-0.757548,0.338701 -0.813760,0.419667,-0.402088 0.000000,0.000000,0.000000
xyz VRT23fold121 -0.558034,-0.757548,0.338701 -0.813760,0.419667,-0.402088 0.000000,0.000000,0.000000
xyz VRT23fold121_x_rref -0.558034,-0.757548,0.338701 -0.813760,0.419667,-0.402088 0.558034,0.757548,-0.338701
xyz VRT23fold121_x -0.558034,-0.757548,0.338701 -0.813760,0.419667,-0.402088 0.000000,0.000000,0.000000
xyz VRT23fold121_y_rref -0.558034,-0.757548,0.338701 -0.813760,0.419667,-0.402088 0.813760,-0.419667,0.402088
xyz VRT23fold121_y -0.558034,-0.757548,0.338701 -0.813760,0.419667,-0.402088 0.000000,0.000000,0.000000
xyz VRT23fold121_z_rref -0.558034,-0.757548,0.338701 -0.813760,0.419667,-0.402088 -0.162459,0.500001,0.850651
xyz VRT23fold121_z -0.558034,-0.757548,0.338701 -0.813760,0.419667,-0.402088 0.000000,0.000000,0.000000
xyz VRT23fold121_sds -0.670821,0.162460,-0.723606 0.688191,0.499999,-0.525732 0.000000,0.000000,0.000000
xyz VRTTfold1_z_tref -0.252325,0.183325,0.950118 -0.768661,0.558467,-0.311891 -0.587787,-0.809016,0.000000
xyz VRTTfold -0.252325,0.183325,0.950118 -0.768661,0.558467,-0.311891 0.000000,0.000000,0.000000
xyz VRTTfold1 -0.252325,0.183325,0.950118 -0.768661,0.558467,-0.311891 0.000000,0.000000,0.000000
xyz VRTTfold1_z_rref -0.252325,0.183325,0.950118 -0.768661,0.558467,-0.311891 0.587787,0.809016,-0.000000
xyz VRTTfold1_z -0.252325,0.183325,0.950118 -0.768661,0.558467,-0.311891 0.000000,0.000000,0.000000
xyz VRTTfold11 0.252325,-0.183325,-0.950118 0.768661,-0.558467,0.311891 0.000000,0.000000,0.000000
xyz VRTTfold111_x_tref 0.252325,-0.183325,-0.950118 0.768661,-0.558467,0.311891 0.252325,-0.183325,-0.950118
xyz VRTTfold111 0.252325,-0.183325,-0.950118 0.768661,-0.558467,0.311891 0.000000,0.000000,0.000000
xyz VRTTfold111_x_rref 0.252325,-0.183325,-0.950118 0.768661,-0.558467,0.311891 -0.252325,0.183325,0.950118
xyz VRTTfold111_x 0.252325,-0.183325,-0.950118 0.768661,-0.558467,0.311891 0.000000,0.000000,0.000000
xyz VRTTfold111_y_rref 0.252325,-0.183325,-0.950118 0.768661,-0.558467,0.311891 -0.768661,0.558467,-0.311891
xyz VRTTfold111_y 0.252325,-0.183325,-0.950118 0.768661,-0.558467,0.311891 0.000000,0.000000,0.000000
xyz VRTTfold111_z_rref 0.252325,-0.183325,-0.950118 0.768661,-0.558467,0.311891 0.587787,0.809016,-0.000000
xyz VRTTfold111_z 0.252325,-0.183325,-0.950118 0.768661,-0.558467,0.311891 0.000000,0.000000,0.000000
xyz VRTTfold111_sds 0.447212,-0.850651,0.276392 -0.525730,0.000001,0.850651 0.000000,0.000000,0.000000
xyz VRTPfold1_z_tref 0.053382,-0.757549,-0.650592 -0.723563,0.419667,-0.548030 0.688191,0.499999,-0.525732
xyz VRTPfold 0.053382,-0.757549,-0.650592 -0.723563,0.419667,-0.548030 0.000000,0.000000,0.000000
xyz VRTPfold1 0.053382,-0.757549,-0.650592 -0.723563,0.419667,-0.548030 0.000000,0.000000,0.000000
xyz VRTPfold1_z_rref 0.053382,-0.757549,-0.650592 -0.723563,0.419667,-0.548030 -0.688191,-0.499999,0.525732
xyz VRTPfold1_z 0.053382,-0.757549,-0.650592 -0.723563,0.419667,-0.548030 0.000000,0.000000,0.000000
xyz VRTPfold11 -0.053382,0.757549,0.650592 0.723563,-0.419667,0.548030 0.000000,0.000000,0.000000
xyz VRTPfold111_x_tref -0.053382,0.757549,0.650592 0.723563,-0.419667,0.548030 -0.053382,0.757549,0.650592
xyz VRTPfold111 -0.053382,0.757549,0.650592 0.723563,-0.419667,0.548030 0.000000,0.000000,0.000000
xyz VRTPfold111_x_rref -0.053382,0.757549,0.650592 0.723563,-0.419667,0.548030 0.053382,-0.757549,-0.650592
xyz VRTPfold111_x -0.053382,0.757549,0.650592 0.723563,-0.419667,0.548030 0.000000,0.000000,0.000000
xyz VRTPfold111_y_rref -0.053382,0.757549,0.650592 0.723563,-0.419667,0.548030 -0.723563,0.419667,-0.548030
xyz VRTPfold111_y -0.053382,0.757549,0.650592 0.723563,-0.419667,0.548030 0.000000,0.000000,0.000000
xyz VRTPfold111_z_rref -0.053382,0.757549,0.650592 0.723563,-0.419667,0.548030 -0.688192,-0.499999,0.525731
xyz VRTPfold111_z -0.053382,0.757549,0.650592 0.723563,-0.419667,0.548030 0.000000,0.000000,0.000000
xyz VRTPfold111_sds 0.947214,-0.162460,0.276394 0.162460,-0.500001,-0.850651 0.000000,0.000000,0.000000
virtual_coordinates_stop
connect_virtual JUMP21fold1_z_tref VRTglobal VRT21fold1_z_tref
connect_virtual JUMP21fold VRT21fold1_z_tref VRT21fold
connect_virtual JUMP21fold1 VRT21fold VRT21fold1
connect_virtual JUMP21fold1_z_rref VRT21fold1 VRT21fold1_z_rref
connect_virtual JUMP21fold1_z VRT21fold1_z_rref VRT21fold1_z
connect_virtual JUMP21fold111_x_tref VRT21fold1_z VRT21fold111_x_tref
connect_virtual JUMP21fold11 VRT21fold111_x_tref VRT21fold11
connect_virtual JUMP21fold111 VRT21fold11 VRT21fold111
connect_virtual JUMP21fold111_x_rref VRT21fold111 VRT21fold111_x_rref
connect_virtual JUMP21fold111_x VRT21fold111_x_rref VRT21fold111_x
connect_virtual JUMP21fold111_y_rref VRT21fold111_x VRT21fold111_y_rref
connect_virtual JUMP21fold111_y VRT21fold111_y_rref VRT21fold111_y
connect_virtual JUMP21fold111_z_rref VRT21fold111_y VRT21fold111_z_rref
connect_virtual JUMP21fold111_z VRT21fold111_z_rref VRT21fold111_z
connect_virtual JUMP21fold111_sds VRT21fold111_z VRT21fold111_sds
connect_virtual JUMP21fold111_subunit VRT21fold111_sds SUBUNIT
connect_virtual JUMP21fold121_x_tref VRT21fold1_z VRT21fold121_x_tref
connect_virtual JUMP21fold12 VRT21fold121_x_tref VRT21fold12
connect_virtual JUMP21fold121 VRT21fold12 VRT21fold121
connect_virtual JUMP21fold121_x_rref VRT21fold121 VRT21fold121_x_rref
connect_virtual JUMP21fold121_x VRT21fold121_x_rref VRT21fold121_x
connect_virtual JUMP21fold121_y_rref VRT21fold121_x VRT21fold121_y_rref
connect_virtual JUMP21fold121_y VRT21fold121_y_rref VRT21fold121_y
connect_virtual JUMP21fold121_z_rref VRT21fold121_y VRT21fold121_z_rref
connect_virtual JUMP21fold121_z VRT21fold121_z_rref VRT21fold121_z
connect_virtual JUMP21fold121_sds VRT21fold121_z VRT21fold121_sds
connect_virtual JUMP21fold121_subunit VRT21fold121_sds SUBUNIT
connect_virtual JUMP22fold1_z_tref VRTglobal VRT22fold1_z_tref
connect_virtual JUMP22fold VRT22fold1_z_tref VRT22fold
connect_virtual JUMP22fold1 VRT22fold VRT22fold1
connect_virtual JUMP22fold1_z_rref VRT22fold1 VRT22fold1_z_rref
connect_virtual JUMP22fold1_z VRT22fold1_z_rref VRT22fold1_z
connect_virtual JUMP22fold111_x_tref VRT22fold1_z VRT22fold111_x_tref
connect_virtual JUMP22fold11 VRT22fold111_x_tref VRT22fold11
connect_virtual JUMP22fold111 VRT22fold11 VRT22fold111
connect_virtual JUMP22fold111_x_rref VRT22fold111 VRT22fold111_x_rref
connect_virtual JUMP22fold111_x VRT22fold111_x_rref VRT22fold111_x
connect_virtual JUMP22fold111_y_rref VRT22fold111_x VRT22fold111_y_rref
connect_virtual JUMP22fold111_y VRT22fold111_y_rref VRT22fold111_y
connect_virtual JUMP22fold111_z_rref VRT22fold111_y VRT22fold111_z_rref
connect_virtual JUMP22fold111_z VRT22fold111_z_rref VRT22fold111_z
connect_virtual JUMP22fold111_sds VRT22fold111_z VRT22fold111_sds
connect_virtual JUMP22fold111_subunit VRT22fold111_sds SUBUNIT
connect_virtual JUMP22fold121_x_tref VRT22fold1_z VRT22fold121_x_tref
connect_virtual JUMP22fold12 VRT22fold121_x_tref VRT22fold12
connect_virtual JUMP22fold121 VRT22fold12 VRT22fold121
connect_virtual JUMP22fold121_x_rref VRT22fold121 VRT22fold121_x_rref
connect_virtual JUMP22fold121_x VRT22fold121_x_rref VRT22fold121_x
connect_virtual JUMP22fold121_y_rref VRT22fold121_x VRT22fold121_y_rref
connect_virtual JUMP22fold121_y VRT22fold121_y_rref VRT22fold121_y
connect_virtual JUMP22fold121_z_rref VRT22fold121_y VRT22fold121_z_rref
connect_virtual JUMP22fold121_z VRT22fold121_z_rref VRT22fold121_z
connect_virtual JUMP22fold121_sds VRT22fold121_z VRT22fold121_sds
connect_virtual JUMP22fold121_subunit VRT22fold121_sds SUBUNIT
connect_virtual JUMP23fold1_z_tref VRTglobal VRT23fold1_z_tref
connect_virtual JUMP23fold VRT23fold1_z_tref VRT23fold
connect_virtual JUMP23fold1 VRT23fold VRT23fold1
connect_virtual JUMP23fold1_z_rref VRT23fold1 VRT23fold1_z_rref
connect_virtual JUMP23fold1_z VRT23fold1_z_rref VRT23fold1_z
connect_virtual JUMP23fold111_x_tref VRT23fold1_z VRT23fold111_x_tref
connect_virtual JUMP23fold11 VRT23fold111_x_tref VRT23fold11
connect_virtual JUMP23fold111 VRT23fold11 VRT23fold111
connect_virtual JUMP23fold111_x_rref VRT23fold111 VRT23fold111_x_rref
connect_virtual JUMP23fold111_x VRT23fold111_x_rref VRT23fold111_x
connect_virtual JUMP23fold111_y_rref VRT23fold111_x VRT23fold111_y_rref
connect_virtual JUMP23fold111_y VRT23fold111_y_rref VRT23fold111_y
connect_virtual JUMP23fold111_z_rref VRT23fold111_y VRT23fold111_z_rref
connect_virtual JUMP23fold111_z VRT23fold111_z_rref VRT23fold111_z
connect_virtual JUMP23fold111_sds VRT23fold111_z VRT23fold111_sds
connect_virtual JUMP23fold111_subunit VRT23fold111_sds SUBUNIT
connect_virtual JUMP24fold1_z_tref VRTglobal VRT24fold1_z_tref
connect_virtual JUMP24fold VRT24fold1_z_tref VRT24fold
connect_virtual JUMP24fold1 VRT24fold VRT24fold1
connect_virtual JUMP24fold1_z_rref VRT24fold1 VRT24fold1_z_rref
connect_virtual JUMP24fold1_z VRT24fold1_z_rref VRT24fold1_z
connect_virtual JUMP24fold111_x_tref VRT24fold1_z VRT24fold111_x_tref
connect_virtual JUMP24fold11 VRT24fold111_x_tref VRT24fold11
connect_virtual JUMP24fold111 VRT24fold11 VRT24fold111
connect_virtual JUMP24fold111_x_rref VRT24fold111 VRT24fold111_x_rref
connect_virtual JUMP24fold111_x VRT24fold111_x_rref VRT24fold111_x
connect_virtual JUMP24fold111_y_rref VRT24fold111_x VRT24fold111_y_rref
connect_virtual JUMP24fold111_y VRT24fold111_y_rref VRT24fold111_y
connect_virtual JUMP24fold111_z_rref VRT24fold111_y VRT24fold111_z_rref
connect_virtual JUMP24fold111_z VRT24fold111_z_rref VRT24fold111_z
connect_virtual JUMP24fold111_sds VRT24fold111_z VRT24fold111_sds
connect_virtual JUMP24fold111_subunit VRT24fold111_sds SUBUNIT
connect_virtual JUMP25fold1_z_tref VRTglobal VRT25fold1_z_tref
connect_virtual JUMP25fold VRT25fold1_z_tref VRT25fold
connect_virtual JUMP25fold1 VRT25fold VRT25fold1
connect_virtual JUMP25fold1_z_rref VRT25fold1 VRT25fold1_z_rref
connect_virtual JUMP25fold1_z VRT25fold1_z_rref VRT25fold1_z
connect_virtual JUMP25fold111_x_tref VRT25fold1_z VRT25fold111_x_tref
connect_virtual JUMP25fold11 VRT25fold111_x_tref VRT25fold11
connect_virtual JUMP25fold111 VRT25fold11 VRT25fold111
connect_virtual JUMP25fold111_x_rref VRT25fold111 VRT25fold111_x_rref
connect_virtual JUMP25fold111_x VRT25fold111_x_rref VRT25fold111_x
connect_virtual JUMP25fold111_y_rref VRT25fold111_x VRT25fold111_y_rref
connect_virtual JUMP25fold111_y VRT25fold111_y_rref VRT25fold111_y
connect_virtual JUMP25fold111_z_rref VRT25fold111_y VRT25fold111_z_rref
connect_virtual JUMP25fold111_z VRT25fold111_z_rref VRT25fold111_z
connect_virtual JUMP25fold111_sds VRT25fold111_z VRT25fold111_sds
connect_virtual JUMP25fold111_subunit VRT25fold111_sds SUBUNIT
connect_virtual JUMP26fold1_z_tref VRTglobal VRT26fold1_z_tref
connect_virtual JUMP26fold VRT26fold1_z_tref VRT26fold
connect_virtual JUMP26fold1 VRT26fold VRT26fold1
connect_virtual JUMP26fold1_z_rref VRT26fold1 VRT26fold1_z_rref
connect_virtual JUMP26fold1_z VRT26fold1_z_rref VRT26fold1_z
connect_virtual JUMP26fold111_x_tref VRT26fold1_z VRT26fold111_x_tref
connect_virtual JUMP26fold11 VRT26fold111_x_tref VRT26fold11
connect_virtual JUMP26fold111 VRT26fold11 VRT26fold111
connect_virtual JUMP26fold111_x_rref VRT26fold111 VRT26fold111_x_rref
connect_virtual JUMP26fold111_x VRT26fold111_x_rref VRT26fold111_x
connect_virtual JUMP26fold111_y_rref VRT26fold111_x VRT26fold111_y_rref
connect_virtual JUMP26fold111_y VRT26fold111_y_rref VRT26fold111_y
connect_virtual JUMP26fold111_z_rref VRT26fold111_y VRT26fold111_z_rref
connect_virtual JUMP26fold111_z VRT26fold111_z_rref VRT26fold111_z
connect_virtual JUMP26fold111_sds VRT26fold111_z VRT26fold111_sds
connect_virtual JUMP26fold111_subunit VRT26fold111_sds SUBUNIT
connect_virtual JUMP27fold1_z_tref VRTglobal VRT27fold1_z_tref
connect_virtual JUMP27fold VRT27fold1_z_tref VRT27fold
connect_virtual JUMP27fold1 VRT27fold VRT27fold1
connect_virtual JUMP27fold1_z_rref VRT27fold1 VRT27fold1_z_rref
connect_virtual JUMP27fold1_z VRT27fold1_z_rref VRT27fold1_z
connect_virtual JUMP27fold111_x_tref VRT27fold1_z VRT27fold111_x_tref
connect_virtual JUMP27fold11 VRT27fold111_x_tref VRT27fold11
connect_virtual JUMP27fold111 VRT27fold11 VRT27fold111
connect_virtual JUMP27fold111_x_rref VRT27fold111 VRT27fold111_x_rref
connect_virtual JUMP27fold111_x VRT27fold111_x_rref VRT27fold111_x
connect_virtual JUMP27fold111_y_rref VRT27fold111_x VRT27fold111_y_rref
connect_virtual JUMP27fold111_y VRT27fold111_y_rref VRT27fold111_y
connect_virtual JUMP27fold111_z_rref VRT27fold111_y VRT27fold111_z_rref
connect_virtual JUMP27fold111_z VRT27fold111_z_rref VRT27fold111_z
connect_virtual JUMP27fold111_sds VRT27fold111_z VRT27fold111_sds
connect_virtual JUMP27fold111_subunit VRT27fold111_sds SUBUNIT
connect_virtual JUMPXfold1_z_tref VRTglobal VRTXfold1_z_tref
connect_virtual JUMPXfold VRTXfold1_z_tref VRTXfold
connect_virtual JUMPXfold1 VRTXfold VRTXfold1
connect_virtual JUMPXfold1_z_rref VRTXfold1 VRTXfold1_z_rref
connect_virtual JUMPXfold1_z VRTXfold1_z_rref VRTXfold1_z
connect_virtual JUMPXfold111_x_tref VRTXfold1_z VRTXfold111_x_tref
connect_virtual JUMPXfold11 VRTXfold111_x_tref VRTXfold11
connect_virtual JUMPXfold111 VRTXfold11 VRTXfold111
connect_virtual JUMPXfold111_x_rref VRTXfold111 VRTXfold111_x_rref
connect_virtual JUMPXfold111_x VRTXfold111_x_rref VRTXfold111_x
connect_virtual JUMPXfold111_y_rref VRTXfold111_x VRTXfold111_y_rref
connect_virtual JUMPXfold111_y VRTXfold111_y_rref VRTXfold111_y
connect_virtual JUMPXfold111_z_rref VRTXfold111_y VRTXfold111_z_rref
connect_virtual JUMPXfold111_z VRTXfold111_z_rref VRTXfold111_z
connect_virtual JUMPXfold111_sds VRTXfold111_z VRTXfold111_sds
connect_virtual JUMPXfold111_subunit VRTXfold111_sds SUBUNIT
connect_virtual JUMPYfold1_z_tref VRTglobal VRTYfold1_z_tref
connect_virtual JUMPYfold VRTYfold1_z_tref VRTYfold
connect_virtual JUMPYfold1 VRTYfold VRTYfold1
connect_virtual JUMPYfold1_z_rref VRTYfold1 VRTYfold1_z_rref
connect_virtual JUMPYfold1_z VRTYfold1_z_rref VRTYfold1_z
connect_virtual JUMPYfold111_x_tref VRTYfold1_z VRTYfold111_x_tref
connect_virtual JUMPYfold11 VRTYfold111_x_tref VRTYfold11
connect_virtual JUMPYfold111 VRTYfold11 VRTYfold111
connect_virtual JUMPYfold111_x_rref VRTYfold111 VRTYfold111_x_rref
connect_virtual JUMPYfold111_x VRTYfold111_x_rref VRTYfold111_x
connect_virtual JUMPYfold111_y_rref VRTYfold111_x VRTYfold111_y_rref
connect_virtual JUMPYfold111_y VRTYfold111_y_rref VRTYfold111_y
connect_virtual JUMPYfold111_z_rref VRTYfold111_y VRTYfold111_z_rref
connect_virtual JUMPYfold111_z VRTYfold111_z_rref VRTYfold111_z
connect_virtual JUMPYfold111_sds VRTYfold111_z VRTYfold111_sds
connect_virtual JUMPYfold111_subunit VRTYfold111_sds SUBUNIT
connect_virtual JUMPZfold1_z_tref VRTglobal VRTZfold1_z_tref
connect_virtual JUMPZfold VRTZfold1_z_tref VRTZfold
connect_virtual JUMPZfold1 VRTZfold VRTZfold1
connect_virtual JUMPZfold1_z_rref VRTZfold1 VRTZfold1_z_rref
connect_virtual JUMPZfold1_z VRTZfold1_z_rref VRTZfold1_z
connect_virtual JUMPZfold111_x_tref VRTZfold1_z VRTZfold111_x_tref
connect_virtual JUMPZfold11 VRTZfold111_x_tref VRTZfold11
connect_virtual JUMPZfold111 VRTZfold11 VRTZfold111
connect_virtual JUMPZfold111_x_rref VRTZfold111 VRTZfold111_x_rref
connect_virtual JUMPZfold111_x VRTZfold111_x_rref VRTZfold111_x
connect_virtual JUMPZfold111_y_rref VRTZfold111_x VRTZfold111_y_rref
connect_virtual JUMPZfold111_y VRTZfold111_y_rref VRTZfold111_y
connect_virtual JUMPZfold111_z_rref VRTZfold111_y VRTZfold111_z_rref
connect_virtual JUMPZfold111_z VRTZfold111_z_rref VRTZfold111_z
connect_virtual JUMPZfold111_sds VRTZfold111_z VRTZfold111_sds
connect_virtual JUMPZfold111_subunit VRTZfold111_sds SUBUNIT
connect_virtual JUMP25fold121_x_tref VRT25fold1_z VRT25fold121_x_tref
connect_virtual JUMP25fold12 VRT25fold121_x_tref VRT25fold12
connect_virtual JUMP25fold121 VRT25fold12 VRT25fold121
connect_virtual JUMP25fold121_x_rref VRT25fold121 VRT25fold121_x_rref
connect_virtual JUMP25fold121_x VRT25fold121_x_rref VRT25fold121_x
connect_virtual JUMP25fold121_y_rref VRT25fold121_x VRT25fold121_y_rref
connect_virtual JUMP25fold121_y VRT25fold121_y_rref VRT25fold121_y
connect_virtual JUMP25fold121_z_rref VRT25fold121_y VRT25fold121_z_rref
connect_virtual JUMP25fold121_z VRT25fold121_z_rref VRT25fold121_z
connect_virtual JUMP25fold121_sds VRT25fold121_z VRT25fold121_sds
connect_virtual JUMP25fold121_subunit VRT25fold121_sds SUBUNIT
connect_virtual JUMP23fold121_x_tref VRT23fold1_z VRT23fold121_x_tref
connect_virtual JUMP23fold12 VRT23fold121_x_tref VRT23fold12
connect_virtual JUMP23fold121 VRT23fold12 VRT23fold121
connect_virtual JUMP23fold121_x_rref VRT23fold121 VRT23fold121_x_rref
connect_virtual JUMP23fold121_x VRT23fold121_x_rref VRT23fold121_x
connect_virtual JUMP23fold121_y_rref VRT23fold121_x VRT23fold121_y_rref
connect_virtual JUMP23fold121_y VRT23fold121_y_rref VRT23fold121_y
connect_virtual JUMP23fold121_z_rref VRT23fold121_y VRT23fold121_z_rref
connect_virtual JUMP23fold121_z VRT23fold121_z_rref VRT23fold121_z
connect_virtual JUMP23fold121_sds VRT23fold121_z VRT23fold121_sds
connect_virtual JUMP23fold121_subunit VRT23fold121_sds SUBUNIT
connect_virtual JUMPTfold1_z_tref VRTglobal VRTTfold1_z_tref
connect_virtual JUMPTfold VRTTfold1_z_tref VRTTfold
connect_virtual JUMPTfold1 VRTTfold VRTTfold1
connect_virtual JUMPTfold1_z_rref VRTTfold1 VRTTfold1_z_rref
connect_virtual JUMPTfold1_z VRTTfold1_z_rref VRTTfold1_z
connect_virtual JUMPTfold111_x_tref VRTTfold1_z VRTTfold111_x_tref
connect_virtual JUMPTfold11 VRTTfold111_x_tref VRTTfold11
connect_virtual JUMPTfold111 VRTTfold11 VRTTfold111
connect_virtual JUMPTfold111_x_rref VRTTfold111 VRTTfold111_x_rref
connect_virtual JUMPTfold111_x VRTTfold111_x_rref VRTTfold111_x
connect_virtual JUMPTfold111_y_rref VRTTfold111_x VRTTfold111_y_rref
connect_virtual JUMPTfold111_y VRTTfold111_y_rref VRTTfold111_y
connect_virtual JUMPTfold111_z_rref VRTTfold111_y VRTTfold111_z_rref
connect_virtual JUMPTfold111_z VRTTfold111_z_rref VRTTfold111_z
connect_virtual JUMPTfold111_sds VRTTfold111_z VRTTfold111_sds
connect_virtual JUMPTfold111_subunit VRTTfold111_sds SUBUNIT
connect_virtual JUMPPfold1_z_tref VRTglobal VRTPfold1_z_tref
connect_virtual JUMPPfold VRTPfold1_z_tref VRTPfold
connect_virtual JUMPPfold1 VRTPfold VRTPfold1
connect_virtual JUMPPfold1_z_rref VRTPfold1 VRTPfold1_z_rref
connect_virtual JUMPPfold1_z VRTPfold1_z_rref VRTPfold1_z
connect_virtual JUMPPfold111_x_tref VRTPfold1_z VRTPfold111_x_tref
connect_virtual JUMPPfold11 VRTPfold111_x_tref VRTPfold11
connect_virtual JUMPPfold111 VRTPfold11 VRTPfold111
connect_virtual JUMPPfold111_x_rref VRTPfold111 VRTPfold111_x_rref
connect_virtual JUMPPfold111_x VRTPfold111_x_rref VRTPfold111_x
connect_virtual JUMPPfold111_y_rref VRTPfold111_x VRTPfold111_y_rref
connect_virtual JUMPPfold111_y VRTPfold111_y_rref VRTPfold111_y
connect_virtual JUMPPfold111_z_rref VRTPfold111_y VRTPfold111_z_rref
connect_virtual JUMPPfold111_z VRTPfold111_z_rref VRTPfold111_z
connect_virtual JUMPPfold111_sds VRTPfold111_z VRTPfold111_sds
connect_virtual JUMPPfold111_subunit VRTPfold111_sds SUBUNIT
set_dof JUMP21fold1 z(15.0)
set_dof JUMP21fold1_z angle_z(0.0)
set_dof JUMP21fold111 x(5.0)
set_dof JUMP21fold111_x angle_x(0.0)
set_dof JUMP21fold111_y angle_y(0.0)
set_dof JUMP21fold111_z angle_z(1.526666247102488e-13)
set_jump_group JUMPGROUP1 JUMP21fold1 JUMP22fold1 JUMP23fold1 JUMP24fold1 JUMP25fold1 JUMP26fold1 JUMP27fold1 JUMPXfold1 JUMPYfold1 JUMPZfold1 JUMPTfold1 JUMPPfold1
set_jump_group JUMPGROUP2 JUMP21fold1_z JUMP22fold1_z JUMP23fold1_z JUMP24fold1_z JUMP25fold1_z JUMP26fold1_z JUMP27fold1_z JUMPXfold1_z JUMPYfold1_z JUMPZfold1_z JUMPTfold1_z JUMPPfold1_z
set_jump_group JUMPGROUP3 JUMP21fold111 JUMP21fold121 JUMP22fold111 JUMP22fold121 JUMP23fold111 JUMP24fold111 JUMP25fold111 JUMP26fold111 JUMP27fold111 JUMPXfold111 JUMPYfold111 JUMPZfold111 JUMP25fold121 JUMP23fold121 JUMPTfold111 JUMPPfold111
set_jump_group JUMPGROUP4 JUMP21fold111_x JUMP21fold121_x JUMP22fold111_x JUMP22fold121_x JUMP23fold111_x JUMP24fold111_x JUMP25fold111_x JUMP26fold111_x JUMP27fold111_x JUMPXfold111_x JUMPYfold111_x JUMPZfold111_x JUMP25fold121_x JUMP23fold121_x JUMPTfold111_x JUMPPfold111_x
set_jump_group JUMPGROUP5 JUMP21fold111_y JUMP21fold121_y JUMP22fold111_y JUMP22fold121_y JUMP23fold111_y JUMP24fold111_y JUMP25fold111_y JUMP26fold111_y JUMP27fold111_y JUMPXfold111_y JUMPYfold111_y JUMPZfold111_y JUMP25fold121_y JUMP23fold121_y JUMPTfold111_y JUMPPfold111_y
