#righthanded=True
#normalized=True
symmetry_name /home/shared/databases/SYMMETRICAL/I/unrelaxed/native/../../idealized/symdef/native/1STM.symm_3fold_based
E = 60*VRT31fold111_sds + 60*(VRT31fold111_sds:VRT32fold111_sds) + 60*(VRT31fold111_sds:VRT33fold111_sds) + 60*(VRT31fold111_sds:VRT31fold121_sds) + 30*(VRT31fold111_sds:VRT32fold121_sds) + 30*(VRT31fold111_sds:VRT35fold131_sds)
anchor_residue COM
virtual_coordinates_start
xyz VRTglobal 1.000000,0.000000,0.000000 0.000000,1.000000,0.000000 0.000000,0.000000,0.000000
xyz VRT31fold 0.794655,0.000000,-0.607062 0.000000,-1.000000,-0.000000 0.000000,0.000000,0.000000
xyz VRT31fold1_z_tref 0.794655,0.000000,-0.607062 0.000000,-1.000000,-0.000000 -0.607062,-0.000000,-0.794655
xyz VRT31fold1 0.794655,0.000000,-0.607062 0.000000,-1.000000,-0.000000 0.000000,0.000000,0.000000
xyz VRT31fold1_z_rref 0.794655,0.000000,-0.607062 0.000000,-1.000000,-0.000000 0.607062,0.000000,0.794655
xyz VRT31fold1_z 0.794655,0.000000,-0.607062 0.000000,-1.000000,-0.000000 0.000000,0.000000,0.000000
xyz VRT31fold111_x_tref 0.794655,0.000000,-0.607062 0.000000,-1.000000,-0.000000 0.794655,0.000000,-0.607062
xyz VRT31fold11 0.794655,0.000000,-0.607062 0.000000,-1.000000,-0.000000 0.000000,0.000000,0.000000
xyz VRT31fold111 0.794655,0.000000,-0.607062 0.000000,-1.000000,-0.000000 0.000000,0.000000,0.000000
xyz VRT31fold111_x_rref 0.794655,0.000000,-0.607062 0.000000,-1.000000,-0.000000 -0.794655,-0.000000,0.607062
xyz VRT31fold111_x 0.794655,0.000000,-0.607062 0.000000,-1.000000,-0.000000 0.000000,0.000000,0.000000
xyz VRT31fold111_y_rref 0.794655,0.000000,-0.607062 0.000000,-1.000000,-0.000000 -0.000000,1.000000,0.000000
xyz VRT31fold111_y 0.794655,0.000000,-0.607062 0.000000,-1.000000,-0.000000 0.000000,0.000000,0.000000
xyz VRT31fold111_z_rref 0.794655,0.000000,-0.607062 0.000000,-1.000000,-0.000000 0.607062,0.000000,0.794655
xyz VRT31fold111_z 0.794655,0.000000,-0.607062 0.000000,-1.000000,-0.000000 0.000000,0.000000,0.000000
xyz VRT31fold111_sds -1.000000,0.000000,0.000000 0.000000,1.000000,0.000000 0.000000,0.000000,0.000000
xyz VRT31fold121_x_tref -0.397327,-0.866026,0.303531 -0.688191,0.500000,0.525731 -0.397327,-0.866026,0.303531
xyz VRT31fold12 -0.397327,-0.866026,0.303531 -0.688191,0.500000,0.525731 0.000000,0.000000,0.000000
xyz VRT31fold121 -0.397327,-0.866026,0.303531 -0.688191,0.500000,0.525731 0.000000,0.000000,0.000000
xyz VRT31fold121_x_rref -0.397327,-0.866026,0.303531 -0.688191,0.500000,0.525731 0.397327,0.866026,-0.303531
xyz VRT31fold121_x -0.397327,-0.866026,0.303531 -0.688191,0.500000,0.525731 0.000000,0.000000,0.000000
xyz VRT31fold121_y_rref -0.397327,-0.866026,0.303531 -0.688191,0.500000,0.525731 0.688191,-0.500000,-0.525731
xyz VRT31fold121_y -0.397327,-0.866026,0.303531 -0.688191,0.500000,0.525731 0.000000,0.000000,0.000000
xyz VRT31fold121_z_rref -0.397327,-0.866026,0.303531 -0.688191,0.500000,0.525731 0.607062,0.000000,0.794655
xyz VRT31fold121_z -0.397327,-0.866026,0.303531 -0.688191,0.500000,0.525731 0.000000,0.000000,0.000000
xyz VRT31fold121_sds -0.052786,0.688191,-0.723607 0.688191,-0.500000,-0.525731 0.000000,0.000000,0.000000
xyz VRT31fold131_x_tref -0.397328,0.866025,0.303531 0.688191,0.500000,-0.525731 -0.397328,0.866025,0.303531
xyz VRT31fold13 -0.397328,0.866025,0.303531 0.688191,0.500000,-0.525731 0.000000,0.000000,0.000000
xyz VRT31fold131 -0.397328,0.866025,0.303531 0.688191,0.500000,-0.525731 0.000000,0.000000,0.000000
xyz VRT31fold131_x_rref -0.397328,0.866025,0.303531 0.688191,0.500000,-0.525731 0.397328,-0.866025,-0.303531
xyz VRT31fold131_x -0.397328,0.866025,0.303531 0.688191,0.500000,-0.525731 0.000000,0.000000,0.000000
xyz VRT31fold131_y_rref -0.397328,0.866025,0.303531 0.688191,0.500000,-0.525731 -0.688191,-0.500000,0.525731
xyz VRT31fold131_y -0.397328,0.866025,0.303531 0.688191,0.500000,-0.525731 0.000000,0.000000,0.000000
xyz VRT31fold131_z_rref -0.397328,0.866025,0.303531 0.688191,0.500000,-0.525731 0.607062,0.000000,0.794655
xyz VRT31fold131_z -0.397328,0.866025,0.303531 0.688191,0.500000,-0.525731 0.000000,0.000000,0.000000
xyz VRT31fold131_sds -0.052786,-0.688191,-0.723607 -0.688191,-0.500000,0.525731 0.000000,0.000000,0.000000
xyz VRT32fold 0.245562,-0.755761,-0.607062 -0.951056,-0.309017,-0.000000 0.000000,0.000000,0.000000
xyz VRT32fold1_z_tref 0.245562,-0.755761,-0.607062 -0.951056,-0.309017,-0.000000 -0.187592,0.577350,-0.794655
xyz VRT32fold1 0.245562,-0.755761,-0.607062 -0.951056,-0.309017,-0.000000 0.000000,0.000000,0.000000
xyz VRT32fold1_z_rref 0.245562,-0.755761,-0.607062 -0.951056,-0.309017,-0.000000 0.187592,-0.577350,0.794655
xyz VRT32fold1_z 0.245562,-0.755761,-0.607062 -0.951056,-0.309017,-0.000000 0.000000,0.000000,0.000000
xyz VRT32fold111_x_tref 0.245562,-0.755761,-0.607062 -0.951056,-0.309017,-0.000000 0.245562,-0.755761,-0.607062
xyz VRT32fold11 0.245562,-0.755761,-0.607062 -0.951056,-0.309017,-0.000000 0.000000,0.000000,0.000000
xyz VRT32fold111 0.245562,-0.755761,-0.607062 -0.951056,-0.309017,-0.000000 0.000000,0.000000,0.000000
xyz VRT32fold111_x_rref 0.245562,-0.755761,-0.607062 -0.951056,-0.309017,-0.000000 -0.245562,0.755761,0.607062
xyz VRT32fold111_x 0.245562,-0.755761,-0.607062 -0.951056,-0.309017,-0.000000 0.000000,0.000000,0.000000
xyz VRT32fold111_y_rref 0.245562,-0.755761,-0.607062 -0.951056,-0.309017,-0.000000 0.951056,0.309017,0.000000
xyz VRT32fold111_y 0.245562,-0.755761,-0.607062 -0.951056,-0.309017,-0.000000 0.000000,0.000000,0.000000
xyz VRT32fold111_z_rref 0.245562,-0.755761,-0.607062 -0.951056,-0.309017,-0.000000 0.187592,-0.577350,0.794655
xyz VRT32fold111_z 0.245562,-0.755761,-0.607062 -0.951056,-0.309017,-0.000000 0.000000,0.000000,0.000000
xyz VRT32fold111_sds -0.309017,0.951057,0.000000 0.951057,0.309017,0.000000 0.000000,0.000000,0.000000
xyz VRT32fold121_x_tref -0.946420,0.110264,0.303531 0.262865,0.809017,0.525731 -0.946420,0.110264,0.303531
xyz VRT32fold12 -0.946420,0.110264,0.303531 0.262865,0.809017,0.525731 0.000000,0.000000,0.000000
xyz VRT32fold121 -0.946420,0.110264,0.303531 0.262865,0.809017,0.525731 0.000000,0.000000,0.000000
xyz VRT32fold121_x_rref -0.946420,0.110264,0.303531 0.262865,0.809017,0.525731 0.946420,-0.110264,-0.303531
xyz VRT32fold121_x -0.946420,0.110264,0.303531 0.262865,0.809017,0.525731 0.000000,0.000000,0.000000
xyz VRT32fold121_y_rref -0.946420,0.110264,0.303531 0.262865,0.809017,0.525731 -0.262865,-0.809017,-0.525731
xyz VRT32fold121_y -0.946420,0.110264,0.303531 0.262865,0.809017,0.525731 0.000000,0.000000,0.000000
xyz VRT32fold121_z_rref -0.946420,0.110264,0.303531 0.262865,0.809017,0.525731 0.187592,-0.577350,0.794655
xyz VRT32fold121_z -0.946420,0.110264,0.303531 0.262865,0.809017,0.525731 0.000000,0.000000,0.000000
xyz VRT32fold121_sds 0.638197,0.262865,-0.723607 -0.262866,-0.809017,-0.525731 0.000000,0.000000,0.000000
xyz VRT35fold 0.245561,0.755762,-0.607062 0.951057,-0.309017,-0.000000 0.000000,0.000000,0.000000
xyz VRT35fold1_z_tref 0.245561,0.755762,-0.607062 0.951057,-0.309017,-0.000000 -0.187592,-0.577350,-0.794655
xyz VRT35fold1 0.245561,0.755762,-0.607062 0.951057,-0.309017,-0.000000 0.000000,0.000000,0.000000
xyz VRT35fold1_z_rref 0.245561,0.755762,-0.607062 0.951057,-0.309017,-0.000000 0.187592,0.577350,0.794655
xyz VRT35fold1_z 0.245561,0.755762,-0.607062 0.951057,-0.309017,-0.000000 0.000000,0.000000,0.000000
xyz VRT35fold111_x_tref 0.245561,0.755762,-0.607062 0.951057,-0.309017,-0.000000 0.245561,0.755762,-0.607062
xyz VRT35fold11 0.245561,0.755762,-0.607062 0.951057,-0.309017,-0.000000 0.000000,0.000000,0.000000
xyz VRT35fold111 0.245561,0.755762,-0.607062 0.951057,-0.309017,-0.000000 0.000000,0.000000,0.000000
xyz VRT35fold111_x_rref 0.245561,0.755762,-0.607062 0.951057,-0.309017,-0.000000 -0.245561,-0.755762,0.607062
xyz VRT35fold111_x 0.245561,0.755762,-0.607062 0.951057,-0.309017,-0.000000 0.000000,0.000000,0.000000
xyz VRT35fold111_y_rref 0.245561,0.755762,-0.607062 0.951057,-0.309017,-0.000000 -0.951057,0.309017,0.000000
xyz VRT35fold111_y 0.245561,0.755762,-0.607062 0.951057,-0.309017,-0.000000 0.000000,0.000000,0.000000
xyz VRT35fold111_z_rref 0.245561,0.755762,-0.607062 0.951057,-0.309017,-0.000000 0.187592,0.577350,0.794655
xyz VRT35fold111_z 0.245561,0.755762,-0.607062 0.951057,-0.309017,-0.000000 0.000000,0.000000,0.000000
xyz VRT35fold111_sds -0.309017,-0.951057,0.000000 -0.951057,0.309017,0.000000 0.000000,0.000000,0.000000
xyz VRT35fold131_x_tref -0.946420,-0.110265,0.303531 -0.262866,0.809017,-0.525731 -0.946420,-0.110265,0.303531
xyz VRT35fold13 -0.946420,-0.110265,0.303531 -0.262866,0.809017,-0.525731 0.000000,0.000000,0.000000
xyz VRT35fold131 -0.946420,-0.110265,0.303531 -0.262866,0.809017,-0.525731 0.000000,0.000000,0.000000
xyz VRT35fold131_x_rref -0.946420,-0.110265,0.303531 -0.262866,0.809017,-0.525731 0.946420,0.110265,-0.303531
xyz VRT35fold131_x -0.946420,-0.110265,0.303531 -0.262866,0.809017,-0.525731 0.000000,0.000000,0.000000
xyz VRT35fold131_y_rref -0.946420,-0.110265,0.303531 -0.262866,0.809017,-0.525731 0.262866,-0.809017,0.525731
xyz VRT35fold131_y -0.946420,-0.110265,0.303531 -0.262866,0.809017,-0.525731 0.000000,0.000000,0.000000
xyz VRT35fold131_z_rref -0.946420,-0.110265,0.303531 -0.262866,0.809017,-0.525731 0.187592,0.577350,0.794655
xyz VRT35fold131_z -0.946420,-0.110265,0.303531 -0.262866,0.809017,-0.525731 0.000000,0.000000,0.000000
xyz VRT35fold131_sds 0.638197,-0.262865,-0.723607 0.262866,-0.809017,0.525731 0.000000,0.000000,0.000000
xyz VRT33fold -0.642889,-0.467087,-0.607062 -0.587786,0.809017,-0.000000 0.000000,0.000000,0.000000
xyz VRT33fold1_z_tref -0.642889,-0.467087,-0.607062 -0.587786,0.809017,-0.000000 0.491123,0.356822,-0.794655
xyz VRT33fold1 -0.642889,-0.467087,-0.607062 -0.587786,0.809017,-0.000000 0.000000,0.000000,0.000000
xyz VRT33fold1_z_rref -0.642889,-0.467087,-0.607062 -0.587786,0.809017,-0.000000 -0.491123,-0.356822,0.794655
xyz VRT33fold1_z -0.642889,-0.467087,-0.607062 -0.587786,0.809017,-0.000000 0.000000,0.000000,0.000000
xyz VRT33fold111_x_tref -0.642889,-0.467087,-0.607062 -0.587786,0.809017,-0.000000 -0.642889,-0.467087,-0.607062
xyz VRT33fold11 -0.642889,-0.467087,-0.607062 -0.587786,0.809017,-0.000000 0.000000,0.000000,0.000000
xyz VRT33fold111 -0.642889,-0.467087,-0.607062 -0.587786,0.809017,-0.000000 0.000000,0.000000,0.000000
xyz VRT33fold111_x_rref -0.642889,-0.467087,-0.607062 -0.587786,0.809017,-0.000000 0.642889,0.467087,0.607062
xyz VRT33fold111_x -0.642889,-0.467087,-0.607062 -0.587786,0.809017,-0.000000 0.000000,0.000000,0.000000
xyz VRT33fold111_y_rref -0.642889,-0.467087,-0.607062 -0.587786,0.809017,-0.000000 0.587786,-0.809017,0.000000
xyz VRT33fold111_y -0.642889,-0.467087,-0.607062 -0.587786,0.809017,-0.000000 0.000000,0.000000,0.000000
xyz VRT33fold111_z_rref -0.642889,-0.467087,-0.607062 -0.587786,0.809017,-0.000000 -0.491123,-0.356822,0.794655
xyz VRT33fold111_z -0.642889,-0.467087,-0.607062 -0.587786,0.809017,-0.000000 0.000000,0.000000,0.000000
xyz VRT33fold111_sds 0.809017,0.587785,0.000000 0.587785,-0.809017,0.000000 0.000000,0.000000,0.000000
xyz VRT34fold -0.642889,0.467086,-0.607062 0.587785,0.809017,-0.000000 0.000000,0.000000,0.000000
xyz VRT34fold1_z_tref -0.642889,0.467086,-0.607062 0.587785,0.809017,-0.000000 0.491123,-0.356822,-0.794655
xyz VRT34fold1 -0.642889,0.467086,-0.607062 0.587785,0.809017,-0.000000 0.000000,0.000000,0.000000
xyz VRT34fold1_z_rref -0.642889,0.467086,-0.607062 0.587785,0.809017,-0.000000 -0.491123,0.356822,0.794655
xyz VRT34fold1_z -0.642889,0.467086,-0.607062 0.587785,0.809017,-0.000000 0.000000,0.000000,0.000000
xyz VRT34fold111_x_tref -0.642889,0.467086,-0.607062 0.587785,0.809017,-0.000000 -0.642889,0.467086,-0.607062
xyz VRT34fold11 -0.642889,0.467086,-0.607062 0.587785,0.809017,-0.000000 0.000000,0.000000,0.000000
xyz VRT34fold111 -0.642889,0.467086,-0.607062 0.587785,0.809017,-0.000000 0.000000,0.000000,0.000000
xyz VRT34fold111_x_rref -0.642889,0.467086,-0.607062 0.587785,0.809017,-0.000000 0.642889,-0.467086,0.607062
xyz VRT34fold111_x -0.642889,0.467086,-0.607062 0.587785,0.809017,-0.000000 0.000000,0.000000,0.000000
xyz VRT34fold111_y_rref -0.642889,0.467086,-0.607062 0.587785,0.809017,-0.000000 -0.587785,-0.809017,0.000000
xyz VRT34fold111_y -0.642889,0.467086,-0.607062 0.587785,0.809017,-0.000000 0.000000,0.000000,0.000000
xyz VRT34fold111_z_rref -0.642889,0.467086,-0.607062 0.587785,0.809017,-0.000000 -0.491123,0.356822,0.794655
xyz VRT34fold111_z -0.642889,0.467086,-0.607062 0.587785,0.809017,-0.000000 0.000000,0.000000,0.000000
xyz VRT34fold111_sds 0.809017,-0.587785,0.000000 -0.587785,-0.809017,0.000000 0.000000,0.000000,0.000000
xyz VRTXfold1_z_tref -0.794655,-0.356822,-0.491124 -0.525731,-0.000000,0.850651 -0.303531,0.934173,-0.187592
xyz VRTXfold -0.794655,-0.356822,-0.491124 -0.525731,-0.000000,0.850651 0.000000,0.000000,0.000000
xyz VRTXfold1 -0.794655,-0.356822,-0.491124 -0.525731,-0.000000,0.850651 0.000000,0.000000,0.000000
xyz VRTXfold1_z_rref -0.794655,-0.356822,-0.491124 -0.525731,-0.000000,0.850651 0.303531,-0.934173,0.187592
xyz VRTXfold1_z -0.794655,-0.356822,-0.491124 -0.525731,-0.000000,0.850651 0.000000,0.000000,0.000000
xyz VRTXfold11 -0.794655,-0.356822,-0.491124 -0.525731,-0.000000,0.850651 0.000000,0.000000,0.000000
xyz VRTXfold111_x_tref -0.794655,-0.356822,-0.491124 -0.525731,-0.000000,0.850651 -0.794655,-0.356822,-0.491124
xyz VRTXfold111 -0.794655,-0.356822,-0.491124 -0.525731,-0.000000,0.850651 0.000000,0.000000,0.000000
xyz VRTXfold111_x_rref -0.794655,-0.356822,-0.491124 -0.525731,-0.000000,0.850651 0.794655,0.356822,0.491124
xyz VRTXfold111_x -0.794655,-0.356822,-0.491124 -0.525731,-0.000000,0.850651 0.000000,0.000000,0.000000
xyz VRTXfold111_y_rref -0.794655,-0.356822,-0.491124 -0.525731,-0.000000,0.850651 0.525731,0.000000,-0.850651
xyz VRTXfold111_y -0.794655,-0.356822,-0.491124 -0.525731,-0.000000,0.850651 0.000000,0.000000,0.000000
xyz VRTXfold111_z_rref -0.794655,-0.356822,-0.491124 -0.525731,-0.000000,0.850651 0.303531,-0.934173,0.187592
xyz VRTXfold111_z -0.794655,-0.356822,-0.491124 -0.525731,-0.000000,0.850651 0.000000,0.000000,0.000000
xyz VRTXfold111_sds 0.447214,0.850651,0.276394 0.525731,0.000000,-0.850651 0.000000,0.000000,0.000000
xyz VRTYfold1_z_tref -0.794655,0.356822,-0.491124 0.525731,-0.000000,-0.850651 -0.303531,-0.934173,-0.187592
xyz VRTYfold -0.794655,0.356822,-0.491124 0.525731,-0.000000,-0.850651 0.000000,0.000000,0.000000
xyz VRTYfold1 -0.794655,0.356822,-0.491124 0.525731,-0.000000,-0.850651 0.000000,0.000000,0.000000
xyz VRTYfold1_z_rref -0.794655,0.356822,-0.491124 0.525731,-0.000000,-0.850651 0.303531,0.934173,0.187592
xyz VRTYfold1_z -0.794655,0.356822,-0.491124 0.525731,-0.000000,-0.850651 0.000000,0.000000,0.000000
xyz VRTYfold11 -0.794655,0.356822,-0.491124 0.525731,-0.000000,-0.850651 0.000000,0.000000,0.000000
xyz VRTYfold111_x_tref -0.794655,0.356822,-0.491124 0.525731,-0.000000,-0.850651 -0.794655,0.356822,-0.491124
xyz VRTYfold111 -0.794655,0.356822,-0.491124 0.525731,-0.000000,-0.850651 0.000000,0.000000,0.000000
xyz VRTYfold111_x_rref -0.794655,0.356822,-0.491124 0.525731,-0.000000,-0.850651 0.794655,-0.356822,0.491124
xyz VRTYfold111_x -0.794655,0.356822,-0.491124 0.525731,-0.000000,-0.850651 0.000000,0.000000,0.000000
xyz VRTYfold111_y_rref -0.794655,0.356822,-0.491124 0.525731,-0.000000,-0.850651 -0.525731,0.000000,0.850651
xyz VRTYfold111_y -0.794655,0.356822,-0.491124 0.525731,-0.000000,-0.850651 0.000000,0.000000,0.000000
xyz VRTYfold111_z_rref -0.794655,0.356822,-0.491124 0.525731,-0.000000,-0.850651 0.303531,0.934173,0.187592
xyz VRTYfold111_z -0.794655,0.356822,-0.491124 0.525731,-0.000000,-0.850651 0.000000,0.000000,0.000000
xyz VRTYfold111_sds 0.447214,-0.850651,0.276394 -0.525731,0.000000,0.850651 0.000000,0.000000,0.000000
xyz VRTZfold1_z_tref -0.584920,0.645498,-0.491124 -0.162460,0.500000,0.850651 0.794655,0.577351,-0.187592
xyz VRTZfold -0.584920,0.645498,-0.491124 -0.162460,0.500000,0.850651 0.000000,0.000000,0.000000
xyz VRTZfold1 -0.584920,0.645498,-0.491124 -0.162460,0.500000,0.850651 0.000000,0.000000,0.000000
xyz VRTZfold1_z_rref -0.584920,0.645498,-0.491124 -0.162460,0.500000,0.850651 -0.794655,-0.577351,0.187592
xyz VRTZfold1_z -0.584920,0.645498,-0.491124 -0.162460,0.500000,0.850651 0.000000,0.000000,0.000000
xyz VRTZfold11 -0.584920,0.645498,-0.491124 -0.162460,0.500000,0.850651 0.000000,0.000000,0.000000
xyz VRTZfold111_x_tref -0.584920,0.645498,-0.491124 -0.162460,0.500000,0.850651 -0.584920,0.645498,-0.491124
xyz VRTZfold111 -0.584920,0.645498,-0.491124 -0.162460,0.500000,0.850651 0.000000,0.000000,0.000000
xyz VRTZfold111_x_rref -0.584920,0.645498,-0.491124 -0.162460,0.500000,0.850651 0.584920,-0.645498,0.491124
xyz VRTZfold111_x -0.584920,0.645498,-0.491124 -0.162460,0.500000,0.850651 0.000000,0.000000,0.000000
xyz VRTZfold111_y_rref -0.584920,0.645498,-0.491124 -0.162460,0.500000,0.850651 0.162460,-0.500000,-0.850651
xyz VRTZfold111_y -0.584920,0.645498,-0.491124 -0.162460,0.500000,0.850651 0.000000,0.000000,0.000000
xyz VRTZfold111_z_rref -0.584920,0.645498,-0.491124 -0.162460,0.500000,0.850651 -0.794655,-0.577351,0.187592
xyz VRTZfold111_z -0.584920,0.645498,-0.491124 -0.162460,0.500000,0.850651 0.000000,0.000000,0.000000
xyz VRTZfold111_sds 0.947213,-0.162460,0.276394 0.162460,-0.500000,-0.850651 0.000000,0.000000,0.000000
xyz VRTLfold1_z_tref -0.187593,0.934173,0.303531 0.850651,0.000001,0.525731 0.491123,0.356823,-0.794655
xyz VRTLfold -0.187593,0.934173,0.303531 0.850651,0.000001,0.525731 0.000000,0.000000,0.000000
xyz VRTLfold1 -0.187593,0.934173,0.303531 0.850651,0.000001,0.525731 0.000000,0.000000,0.000000
xyz VRTLfold1_z_rref -0.187593,0.934173,0.303531 0.850651,0.000001,0.525731 -0.491123,-0.356823,0.794655
xyz VRTLfold1_z -0.187593,0.934173,0.303531 0.850651,0.000001,0.525731 0.000000,0.000000,0.000000
xyz VRTLfold11 -0.187593,0.934173,0.303531 0.850651,0.000001,0.525731 0.000000,0.000000,0.000000
xyz VRTLfold111_x_tref -0.187593,0.934173,0.303531 0.850651,0.000001,0.525731 -0.187593,0.934173,0.303531
xyz VRTLfold111 -0.187593,0.934173,0.303531 0.850651,0.000001,0.525731 0.000000,0.000000,0.000000
xyz VRTLfold111_x_rref -0.187593,0.934173,0.303531 0.850651,0.000001,0.525731 0.187593,-0.934173,-0.303531
xyz VRTLfold111_x -0.187593,0.934173,0.303531 0.850651,0.000001,0.525731 0.000000,0.000000,0.000000
xyz VRTLfold111_y_rref -0.187593,0.934173,0.303531 0.850651,0.000001,0.525731 -0.850651,-0.000001,-0.525731
xyz VRTLfold111_y -0.187593,0.934173,0.303531 0.850651,0.000001,0.525731 0.000000,0.000000,0.000000
xyz VRTLfold111_z_rref -0.187593,0.934173,0.303531 0.850651,0.000001,0.525731 -0.491123,-0.356823,0.794655
xyz VRTLfold111_z -0.187593,0.934173,0.303531 0.850651,0.000001,0.525731 0.000000,0.000000,0.000000
xyz VRTLfold111_sds 0.447213,-0.525731,-0.723607 -0.850651,-0.000000,-0.525730 0.000000,0.000000,0.000000
xyz VRTTfold1_z_tref 0.700858,0.645497,0.303531 0.688191,-0.500000,-0.525731 -0.187592,0.577351,-0.794654
xyz VRTTfold 0.700858,0.645497,0.303531 0.688191,-0.500000,-0.525731 0.000000,0.000000,0.000000
xyz VRTTfold1 0.700858,0.645497,0.303531 0.688191,-0.500000,-0.525731 0.000000,0.000000,0.000000
xyz VRTTfold1_z_rref 0.700858,0.645497,0.303531 0.688191,-0.500000,-0.525731 0.187592,-0.577351,0.794654
xyz VRTTfold1_z 0.700858,0.645497,0.303531 0.688191,-0.500000,-0.525731 0.000000,0.000000,0.000000
xyz VRTTfold11 0.700858,0.645497,0.303531 0.688191,-0.500000,-0.525731 0.000000,0.000000,0.000000
xyz VRTTfold111_x_tref 0.700858,0.645497,0.303531 0.688191,-0.500000,-0.525731 0.700858,0.645497,0.303531
xyz VRTTfold111 0.700858,0.645497,0.303531 0.688191,-0.500000,-0.525731 0.000000,0.000000,0.000000
xyz VRTTfold111_x_rref 0.700858,0.645497,0.303531 0.688191,-0.500000,-0.525731 -0.700858,-0.645497,-0.303531
xyz VRTTfold111_x 0.700858,0.645497,0.303531 0.688191,-0.500000,-0.525731 0.000000,0.000000,0.000000
xyz VRTTfold111_y_rref 0.700858,0.645497,0.303531 0.688191,-0.500000,-0.525731 -0.688191,0.500000,0.525731
xyz VRTTfold111_y 0.700858,0.645497,0.303531 0.688191,-0.500000,-0.525731 0.000000,0.000000,0.000000
xyz VRTTfold111_z_rref 0.700858,0.645497,0.303531 0.688191,-0.500000,-0.525731 0.187592,-0.577351,0.794654
xyz VRTTfold111_z 0.700858,0.645497,0.303531 0.688191,-0.500000,-0.525731 0.000000,0.000000,0.000000
xyz VRTTfold111_sds -0.670821,-0.162460,-0.723607 -0.688191,0.500000,0.525732 0.000000,0.000000,0.000000
xyz VRTKfold1_z_tref -0.187592,-0.934172,0.303531 -0.850651,-0.000000,-0.525731 0.491124,-0.356823,-0.794654
xyz VRTKfold -0.187592,-0.934172,0.303531 -0.850651,-0.000000,-0.525731 0.000000,0.000000,0.000000
xyz VRTKfold1 -0.187592,-0.934172,0.303531 -0.850651,-0.000000,-0.525731 0.000000,0.000000,0.000000
xyz VRTKfold1_z_rref -0.187592,-0.934172,0.303531 -0.850651,-0.000000,-0.525731 -0.491124,0.356823,0.794654
xyz VRTKfold1_z -0.187592,-0.934172,0.303531 -0.850651,-0.000000,-0.525731 0.000000,0.000000,0.000000
xyz VRTKfold11 -0.187592,-0.934172,0.303531 -0.850651,-0.000000,-0.525731 0.000000,0.000000,0.000000
xyz VRTKfold111_x_tref -0.187592,-0.934172,0.303531 -0.850651,-0.000000,-0.525731 -0.187592,-0.934172,0.303531
xyz VRTKfold111 -0.187592,-0.934172,0.303531 -0.850651,-0.000000,-0.525731 0.000000,0.000000,0.000000
xyz VRTKfold111_x_rref -0.187592,-0.934172,0.303531 -0.850651,-0.000000,-0.525731 0.187592,0.934172,-0.303531
xyz VRTKfold111_x -0.187592,-0.934172,0.303531 -0.850651,-0.000000,-0.525731 0.000000,0.000000,0.000000
xyz VRTKfold111_y_rref -0.187592,-0.934172,0.303531 -0.850651,-0.000000,-0.525731 0.850651,0.000000,0.525731
xyz VRTKfold111_y -0.187592,-0.934172,0.303531 -0.850651,-0.000000,-0.525731 0.000000,0.000000,0.000000
xyz VRTKfold111_z_rref -0.187592,-0.934172,0.303531 -0.850651,-0.000000,-0.525731 -0.491124,0.356823,0.794654
xyz VRTKfold111_z -0.187592,-0.934172,0.303531 -0.850651,-0.000000,-0.525731 0.000000,0.000000,0.000000
xyz VRTKfold111_sds 0.447213,0.525731,-0.723607 0.850651,0.000000,0.525731 0.000000,0.000000,0.000000
xyz VRTHfold1_z_tref 0.700859,-0.645497,0.303531 -0.688191,-0.500000,0.525731 -0.187592,-0.577351,-0.794655
xyz VRTHfold 0.700859,-0.645497,0.303531 -0.688191,-0.500000,0.525731 0.000000,0.000000,0.000000
xyz VRTHfold1 0.700859,-0.645497,0.303531 -0.688191,-0.500000,0.525731 0.000000,0.000000,0.000000
xyz VRTHfold1_z_rref 0.700859,-0.645497,0.303531 -0.688191,-0.500000,0.525731 0.187592,0.577351,0.794655
xyz VRTHfold1_z 0.700859,-0.645497,0.303531 -0.688191,-0.500000,0.525731 0.000000,0.000000,0.000000
xyz VRTHfold11 0.700859,-0.645497,0.303531 -0.688191,-0.500000,0.525731 0.000000,0.000000,0.000000
xyz VRTHfold111_x_tref 0.700859,-0.645497,0.303531 -0.688191,-0.500000,0.525731 0.700859,-0.645497,0.303531
xyz VRTHfold111 0.700859,-0.645497,0.303531 -0.688191,-0.500000,0.525731 0.000000,0.000000,0.000000
xyz VRTHfold111_x_rref 0.700859,-0.645497,0.303531 -0.688191,-0.500000,0.525731 -0.700859,0.645497,-0.303531
xyz VRTHfold111_x 0.700859,-0.645497,0.303531 -0.688191,-0.500000,0.525731 0.000000,0.000000,0.000000
xyz VRTHfold111_y_rref 0.700859,-0.645497,0.303531 -0.688191,-0.500000,0.525731 0.688191,0.500000,-0.525731
xyz VRTHfold111_y 0.700859,-0.645497,0.303531 -0.688191,-0.500000,0.525731 0.000000,0.000000,0.000000
xyz VRTHfold111_z_rref 0.700859,-0.645497,0.303531 -0.688191,-0.500000,0.525731 0.187592,0.577351,0.794655
xyz VRTHfold111_z 0.700859,-0.645497,0.303531 -0.688191,-0.500000,0.525731 0.000000,0.000000,0.000000
xyz VRTHfold111_sds -0.670821,0.162460,-0.723607 0.688191,0.500000,-0.525731 0.000000,0.000000,0.000000
virtual_coordinates_stop
connect_virtual JUMP31fold1_z_tref VRTglobal VRT31fold1_z_tref
connect_virtual JUMP31fold VRT31fold1_z_tref VRT31fold
connect_virtual JUMP31fold1 VRT31fold VRT31fold1
connect_virtual JUMP31fold1_z_rref VRT31fold1 VRT31fold1_z_rref
connect_virtual JUMP31fold1_z VRT31fold1_z_rref VRT31fold1_z
connect_virtual JUMP31fold111_x_tref VRT31fold1_z VRT31fold111_x_tref
connect_virtual JUMP31fold11 VRT31fold111_x_tref VRT31fold11
connect_virtual JUMP31fold111 VRT31fold11 VRT31fold111
connect_virtual JUMP31fold111_x_rref VRT31fold111 VRT31fold111_x_rref
connect_virtual JUMP31fold111_x VRT31fold111_x_rref VRT31fold111_x
connect_virtual JUMP31fold111_y_rref VRT31fold111_x VRT31fold111_y_rref
connect_virtual JUMP31fold111_y VRT31fold111_y_rref VRT31fold111_y
connect_virtual JUMP31fold111_z_rref VRT31fold111_y VRT31fold111_z_rref
connect_virtual JUMP31fold111_z VRT31fold111_z_rref VRT31fold111_z
connect_virtual JUMP31fold111_sds VRT31fold111_z VRT31fold111_sds
connect_virtual JUMP31fold111_subunit VRT31fold111_sds SUBUNIT
connect_virtual JUMP31fold121_x_tref VRT31fold1_z VRT31fold121_x_tref
connect_virtual JUMP31fold12 VRT31fold121_x_tref VRT31fold12
connect_virtual JUMP31fold121 VRT31fold12 VRT31fold121
connect_virtual JUMP31fold121_x_rref VRT31fold121 VRT31fold121_x_rref
connect_virtual JUMP31fold121_x VRT31fold121_x_rref VRT31fold121_x
connect_virtual JUMP31fold121_y_rref VRT31fold121_x VRT31fold121_y_rref
connect_virtual JUMP31fold121_y VRT31fold121_y_rref VRT31fold121_y
connect_virtual JUMP31fold121_z_rref VRT31fold121_y VRT31fold121_z_rref
connect_virtual JUMP31fold121_z VRT31fold121_z_rref VRT31fold121_z
connect_virtual JUMP31fold121_sds VRT31fold121_z VRT31fold121_sds
connect_virtual JUMP31fold121_subunit VRT31fold121_sds SUBUNIT
connect_virtual JUMP31fold131_x_tref VRT31fold1_z VRT31fold131_x_tref
connect_virtual JUMP31fold13 VRT31fold131_x_tref VRT31fold13
connect_virtual JUMP31fold131 VRT31fold13 VRT31fold131
connect_virtual JUMP31fold131_x_rref VRT31fold131 VRT31fold131_x_rref
connect_virtual JUMP31fold131_x VRT31fold131_x_rref VRT31fold131_x
connect_virtual JUMP31fold131_y_rref VRT31fold131_x VRT31fold131_y_rref
connect_virtual JUMP31fold131_y VRT31fold131_y_rref VRT31fold131_y
connect_virtual JUMP31fold131_z_rref VRT31fold131_y VRT31fold131_z_rref
connect_virtual JUMP31fold131_z VRT31fold131_z_rref VRT31fold131_z
connect_virtual JUMP31fold131_sds VRT31fold131_z VRT31fold131_sds
connect_virtual JUMP31fold131_subunit VRT31fold131_sds SUBUNIT
connect_virtual JUMP32fold1_z_tref VRTglobal VRT32fold1_z_tref
connect_virtual JUMP32fold VRT32fold1_z_tref VRT32fold
connect_virtual JUMP32fold1 VRT32fold VRT32fold1
connect_virtual JUMP32fold1_z_rref VRT32fold1 VRT32fold1_z_rref
connect_virtual JUMP32fold1_z VRT32fold1_z_rref VRT32fold1_z
connect_virtual JUMP32fold111_x_tref VRT32fold1_z VRT32fold111_x_tref
connect_virtual JUMP32fold11 VRT32fold111_x_tref VRT32fold11
connect_virtual JUMP32fold111 VRT32fold11 VRT32fold111
connect_virtual JUMP32fold111_x_rref VRT32fold111 VRT32fold111_x_rref
connect_virtual JUMP32fold111_x VRT32fold111_x_rref VRT32fold111_x
connect_virtual JUMP32fold111_y_rref VRT32fold111_x VRT32fold111_y_rref
connect_virtual JUMP32fold111_y VRT32fold111_y_rref VRT32fold111_y
connect_virtual JUMP32fold111_z_rref VRT32fold111_y VRT32fold111_z_rref
connect_virtual JUMP32fold111_z VRT32fold111_z_rref VRT32fold111_z
connect_virtual JUMP32fold111_sds VRT32fold111_z VRT32fold111_sds
connect_virtual JUMP32fold111_subunit VRT32fold111_sds SUBUNIT
connect_virtual JUMP32fold121_x_tref VRT32fold1_z VRT32fold121_x_tref
connect_virtual JUMP32fold12 VRT32fold121_x_tref VRT32fold12
connect_virtual JUMP32fold121 VRT32fold12 VRT32fold121
connect_virtual JUMP32fold121_x_rref VRT32fold121 VRT32fold121_x_rref
connect_virtual JUMP32fold121_x VRT32fold121_x_rref VRT32fold121_x
connect_virtual JUMP32fold121_y_rref VRT32fold121_x VRT32fold121_y_rref
connect_virtual JUMP32fold121_y VRT32fold121_y_rref VRT32fold121_y
connect_virtual JUMP32fold121_z_rref VRT32fold121_y VRT32fold121_z_rref
connect_virtual JUMP32fold121_z VRT32fold121_z_rref VRT32fold121_z
connect_virtual JUMP32fold121_sds VRT32fold121_z VRT32fold121_sds
connect_virtual JUMP32fold121_subunit VRT32fold121_sds SUBUNIT
connect_virtual JUMP35fold1_z_tref VRTglobal VRT35fold1_z_tref
connect_virtual JUMP35fold VRT35fold1_z_tref VRT35fold
connect_virtual JUMP35fold1 VRT35fold VRT35fold1
connect_virtual JUMP35fold1_z_rref VRT35fold1 VRT35fold1_z_rref
connect_virtual JUMP35fold1_z VRT35fold1_z_rref VRT35fold1_z
connect_virtual JUMP35fold111_x_tref VRT35fold1_z VRT35fold111_x_tref
connect_virtual JUMP35fold11 VRT35fold111_x_tref VRT35fold11
connect_virtual JUMP35fold111 VRT35fold11 VRT35fold111
connect_virtual JUMP35fold111_x_rref VRT35fold111 VRT35fold111_x_rref
connect_virtual JUMP35fold111_x VRT35fold111_x_rref VRT35fold111_x
connect_virtual JUMP35fold111_y_rref VRT35fold111_x VRT35fold111_y_rref
connect_virtual JUMP35fold111_y VRT35fold111_y_rref VRT35fold111_y
connect_virtual JUMP35fold111_z_rref VRT35fold111_y VRT35fold111_z_rref
connect_virtual JUMP35fold111_z VRT35fold111_z_rref VRT35fold111_z
connect_virtual JUMP35fold111_sds VRT35fold111_z VRT35fold111_sds
connect_virtual JUMP35fold111_subunit VRT35fold111_sds SUBUNIT
connect_virtual JUMP35fold131_x_tref VRT35fold1_z VRT35fold131_x_tref
connect_virtual JUMP35fold13 VRT35fold131_x_tref VRT35fold13
connect_virtual JUMP35fold131 VRT35fold13 VRT35fold131
connect_virtual JUMP35fold131_x_rref VRT35fold131 VRT35fold131_x_rref
connect_virtual JUMP35fold131_x VRT35fold131_x_rref VRT35fold131_x
connect_virtual JUMP35fold131_y_rref VRT35fold131_x VRT35fold131_y_rref
connect_virtual JUMP35fold131_y VRT35fold131_y_rref VRT35fold131_y
connect_virtual JUMP35fold131_z_rref VRT35fold131_y VRT35fold131_z_rref
connect_virtual JUMP35fold131_z VRT35fold131_z_rref VRT35fold131_z
connect_virtual JUMP35fold131_sds VRT35fold131_z VRT35fold131_sds
connect_virtual JUMP35fold131_subunit VRT35fold131_sds SUBUNIT
connect_virtual JUMP33fold1_z_tref VRTglobal VRT33fold1_z_tref
connect_virtual JUMP33fold VRT33fold1_z_tref VRT33fold
connect_virtual JUMP33fold1 VRT33fold VRT33fold1
connect_virtual JUMP33fold1_z_rref VRT33fold1 VRT33fold1_z_rref
connect_virtual JUMP33fold1_z VRT33fold1_z_rref VRT33fold1_z
connect_virtual JUMP33fold111_x_tref VRT33fold1_z VRT33fold111_x_tref
connect_virtual JUMP33fold11 VRT33fold111_x_tref VRT33fold11
connect_virtual JUMP33fold111 VRT33fold11 VRT33fold111
connect_virtual JUMP33fold111_x_rref VRT33fold111 VRT33fold111_x_rref
connect_virtual JUMP33fold111_x VRT33fold111_x_rref VRT33fold111_x
connect_virtual JUMP33fold111_y_rref VRT33fold111_x VRT33fold111_y_rref
connect_virtual JUMP33fold111_y VRT33fold111_y_rref VRT33fold111_y
connect_virtual JUMP33fold111_z_rref VRT33fold111_y VRT33fold111_z_rref
connect_virtual JUMP33fold111_z VRT33fold111_z_rref VRT33fold111_z
connect_virtual JUMP33fold111_sds VRT33fold111_z VRT33fold111_sds
connect_virtual JUMP33fold111_subunit VRT33fold111_sds SUBUNIT
connect_virtual JUMP34fold1_z_tref VRTglobal VRT34fold1_z_tref
connect_virtual JUMP34fold VRT34fold1_z_tref VRT34fold
connect_virtual JUMP34fold1 VRT34fold VRT34fold1
connect_virtual JUMP34fold1_z_rref VRT34fold1 VRT34fold1_z_rref
connect_virtual JUMP34fold1_z VRT34fold1_z_rref VRT34fold1_z
connect_virtual JUMP34fold111_x_tref VRT34fold1_z VRT34fold111_x_tref
connect_virtual JUMP34fold11 VRT34fold111_x_tref VRT34fold11
connect_virtual JUMP34fold111 VRT34fold11 VRT34fold111
connect_virtual JUMP34fold111_x_rref VRT34fold111 VRT34fold111_x_rref
connect_virtual JUMP34fold111_x VRT34fold111_x_rref VRT34fold111_x
connect_virtual JUMP34fold111_y_rref VRT34fold111_x VRT34fold111_y_rref
connect_virtual JUMP34fold111_y VRT34fold111_y_rref VRT34fold111_y
connect_virtual JUMP34fold111_z_rref VRT34fold111_y VRT34fold111_z_rref
connect_virtual JUMP34fold111_z VRT34fold111_z_rref VRT34fold111_z
connect_virtual JUMP34fold111_sds VRT34fold111_z VRT34fold111_sds
connect_virtual JUMP34fold111_subunit VRT34fold111_sds SUBUNIT
connect_virtual JUMPXfold1_z_tref VRTglobal VRTXfold1_z_tref
connect_virtual JUMPXfold VRTXfold1_z_tref VRTXfold
connect_virtual JUMPXfold1 VRTXfold VRTXfold1
connect_virtual JUMPXfold1_z_rref VRTXfold1 VRTXfold1_z_rref
connect_virtual JUMPXfold1_z VRTXfold1_z_rref VRTXfold1_z
connect_virtual JUMPXfold111_x_tref VRTXfold1_z VRTXfold111_x_tref
connect_virtual JUMPXfold11 VRTXfold111_x_tref VRTXfold11
connect_virtual JUMPXfold111 VRTXfold11 VRTXfold111
connect_virtual JUMPXfold111_x_rref VRTXfold111 VRTXfold111_x_rref
connect_virtual JUMPXfold111_x VRTXfold111_x_rref VRTXfold111_x
connect_virtual JUMPXfold111_y_rref VRTXfold111_x VRTXfold111_y_rref
connect_virtual JUMPXfold111_y VRTXfold111_y_rref VRTXfold111_y
connect_virtual JUMPXfold111_z_rref VRTXfold111_y VRTXfold111_z_rref
connect_virtual JUMPXfold111_z VRTXfold111_z_rref VRTXfold111_z
connect_virtual JUMPXfold111_sds VRTXfold111_z VRTXfold111_sds
connect_virtual JUMPXfold111_subunit VRTXfold111_sds SUBUNIT
connect_virtual JUMPYfold1_z_tref VRTglobal VRTYfold1_z_tref
connect_virtual JUMPYfold VRTYfold1_z_tref VRTYfold
connect_virtual JUMPYfold1 VRTYfold VRTYfold1
connect_virtual JUMPYfold1_z_rref VRTYfold1 VRTYfold1_z_rref
connect_virtual JUMPYfold1_z VRTYfold1_z_rref VRTYfold1_z
connect_virtual JUMPYfold111_x_tref VRTYfold1_z VRTYfold111_x_tref
connect_virtual JUMPYfold11 VRTYfold111_x_tref VRTYfold11
connect_virtual JUMPYfold111 VRTYfold11 VRTYfold111
connect_virtual JUMPYfold111_x_rref VRTYfold111 VRTYfold111_x_rref
connect_virtual JUMPYfold111_x VRTYfold111_x_rref VRTYfold111_x
connect_virtual JUMPYfold111_y_rref VRTYfold111_x VRTYfold111_y_rref
connect_virtual JUMPYfold111_y VRTYfold111_y_rref VRTYfold111_y
connect_virtual JUMPYfold111_z_rref VRTYfold111_y VRTYfold111_z_rref
connect_virtual JUMPYfold111_z VRTYfold111_z_rref VRTYfold111_z
connect_virtual JUMPYfold111_sds VRTYfold111_z VRTYfold111_sds
connect_virtual JUMPYfold111_subunit VRTYfold111_sds SUBUNIT
connect_virtual JUMPZfold1_z_tref VRTglobal VRTZfold1_z_tref
connect_virtual JUMPZfold VRTZfold1_z_tref VRTZfold
connect_virtual JUMPZfold1 VRTZfold VRTZfold1
connect_virtual JUMPZfold1_z_rref VRTZfold1 VRTZfold1_z_rref
connect_virtual JUMPZfold1_z VRTZfold1_z_rref VRTZfold1_z
connect_virtual JUMPZfold111_x_tref VRTZfold1_z VRTZfold111_x_tref
connect_virtual JUMPZfold11 VRTZfold111_x_tref VRTZfold11
connect_virtual JUMPZfold111 VRTZfold11 VRTZfold111
connect_virtual JUMPZfold111_x_rref VRTZfold111 VRTZfold111_x_rref
connect_virtual JUMPZfold111_x VRTZfold111_x_rref VRTZfold111_x
connect_virtual JUMPZfold111_y_rref VRTZfold111_x VRTZfold111_y_rref
connect_virtual JUMPZfold111_y VRTZfold111_y_rref VRTZfold111_y
connect_virtual JUMPZfold111_z_rref VRTZfold111_y VRTZfold111_z_rref
connect_virtual JUMPZfold111_z VRTZfold111_z_rref VRTZfold111_z
connect_virtual JUMPZfold111_sds VRTZfold111_z VRTZfold111_sds
connect_virtual JUMPZfold111_subunit VRTZfold111_sds SUBUNIT
connect_virtual JUMPLfold1_z_tref VRTglobal VRTLfold1_z_tref
connect_virtual JUMPLfold VRTLfold1_z_tref VRTLfold
connect_virtual JUMPLfold1 VRTLfold VRTLfold1
connect_virtual JUMPLfold1_z_rref VRTLfold1 VRTLfold1_z_rref
connect_virtual JUMPLfold1_z VRTLfold1_z_rref VRTLfold1_z
connect_virtual JUMPLfold111_x_tref VRTLfold1_z VRTLfold111_x_tref
connect_virtual JUMPLfold11 VRTLfold111_x_tref VRTLfold11
connect_virtual JUMPLfold111 VRTLfold11 VRTLfold111
connect_virtual JUMPLfold111_x_rref VRTLfold111 VRTLfold111_x_rref
connect_virtual JUMPLfold111_x VRTLfold111_x_rref VRTLfold111_x
connect_virtual JUMPLfold111_y_rref VRTLfold111_x VRTLfold111_y_rref
connect_virtual JUMPLfold111_y VRTLfold111_y_rref VRTLfold111_y
connect_virtual JUMPLfold111_z_rref VRTLfold111_y VRTLfold111_z_rref
connect_virtual JUMPLfold111_z VRTLfold111_z_rref VRTLfold111_z
connect_virtual JUMPLfold111_sds VRTLfold111_z VRTLfold111_sds
connect_virtual JUMPLfold111_subunit VRTLfold111_sds SUBUNIT
connect_virtual JUMPTfold1_z_tref VRTglobal VRTTfold1_z_tref
connect_virtual JUMPTfold VRTTfold1_z_tref VRTTfold
connect_virtual JUMPTfold1 VRTTfold VRTTfold1
connect_virtual JUMPTfold1_z_rref VRTTfold1 VRTTfold1_z_rref
connect_virtual JUMPTfold1_z VRTTfold1_z_rref VRTTfold1_z
connect_virtual JUMPTfold111_x_tref VRTTfold1_z VRTTfold111_x_tref
connect_virtual JUMPTfold11 VRTTfold111_x_tref VRTTfold11
connect_virtual JUMPTfold111 VRTTfold11 VRTTfold111
connect_virtual JUMPTfold111_x_rref VRTTfold111 VRTTfold111_x_rref
connect_virtual JUMPTfold111_x VRTTfold111_x_rref VRTTfold111_x
connect_virtual JUMPTfold111_y_rref VRTTfold111_x VRTTfold111_y_rref
connect_virtual JUMPTfold111_y VRTTfold111_y_rref VRTTfold111_y
connect_virtual JUMPTfold111_z_rref VRTTfold111_y VRTTfold111_z_rref
connect_virtual JUMPTfold111_z VRTTfold111_z_rref VRTTfold111_z
connect_virtual JUMPTfold111_sds VRTTfold111_z VRTTfold111_sds
connect_virtual JUMPTfold111_subunit VRTTfold111_sds SUBUNIT
connect_virtual JUMPKfold1_z_tref VRTglobal VRTKfold1_z_tref
connect_virtual JUMPKfold VRTKfold1_z_tref VRTKfold
connect_virtual JUMPKfold1 VRTKfold VRTKfold1
connect_virtual JUMPKfold1_z_rref VRTKfold1 VRTKfold1_z_rref
connect_virtual JUMPKfold1_z VRTKfold1_z_rref VRTKfold1_z
connect_virtual JUMPKfold111_x_tref VRTKfold1_z VRTKfold111_x_tref
connect_virtual JUMPKfold11 VRTKfold111_x_tref VRTKfold11
connect_virtual JUMPKfold111 VRTKfold11 VRTKfold111
connect_virtual JUMPKfold111_x_rref VRTKfold111 VRTKfold111_x_rref
connect_virtual JUMPKfold111_x VRTKfold111_x_rref VRTKfold111_x
connect_virtual JUMPKfold111_y_rref VRTKfold111_x VRTKfold111_y_rref
connect_virtual JUMPKfold111_y VRTKfold111_y_rref VRTKfold111_y
connect_virtual JUMPKfold111_z_rref VRTKfold111_y VRTKfold111_z_rref
connect_virtual JUMPKfold111_z VRTKfold111_z_rref VRTKfold111_z
connect_virtual JUMPKfold111_sds VRTKfold111_z VRTKfold111_sds
connect_virtual JUMPKfold111_subunit VRTKfold111_sds SUBUNIT
connect_virtual JUMPHfold1_z_tref VRTglobal VRTHfold1_z_tref
connect_virtual JUMPHfold VRTHfold1_z_tref VRTHfold
connect_virtual JUMPHfold1 VRTHfold VRTHfold1
connect_virtual JUMPHfold1_z_rref VRTHfold1 VRTHfold1_z_rref
connect_virtual JUMPHfold1_z VRTHfold1_z_rref VRTHfold1_z
connect_virtual JUMPHfold111_x_tref VRTHfold1_z VRTHfold111_x_tref
connect_virtual JUMPHfold11 VRTHfold111_x_tref VRTHfold11
connect_virtual JUMPHfold111 VRTHfold11 VRTHfold111
connect_virtual JUMPHfold111_x_rref VRTHfold111 VRTHfold111_x_rref
connect_virtual JUMPHfold111_x VRTHfold111_x_rref VRTHfold111_x
connect_virtual JUMPHfold111_y_rref VRTHfold111_x VRTHfold111_y_rref
connect_virtual JUMPHfold111_y VRTHfold111_y_rref VRTHfold111_y
connect_virtual JUMPHfold111_z_rref VRTHfold111_y VRTHfold111_z_rref
connect_virtual JUMPHfold111_z VRTHfold111_z_rref VRTHfold111_z
connect_virtual JUMPHfold111_sds VRTHfold111_z VRTHfold111_sds
connect_virtual JUMPHfold111_subunit VRTHfold111_sds SUBUNIT
set_dof JUMP31fold1 z(15.0)
set_dof JUMP31fold1_z angle_z(-1.7765878728625282e-05)
set_dof JUMP31fold111 x(5.0)
set_dof JUMP31fold111_x angle_x(3.244165752343686e-13)
set_dof JUMP31fold111_y angle_y(0.0)
set_dof JUMP31fold111_z angle_z(0.0)
set_jump_group JUMPGROUP1 JUMP31fold1 JUMP32fold1 JUMP35fold1 JUMP33fold1 JUMP34fold1 JUMPXfold1 JUMPYfold1 JUMPZfold1 JUMPLfold1 JUMPTfold1 JUMPKfold1 JUMPHfold1
set_jump_group JUMPGROUP2 JUMP31fold1_z JUMP32fold1_z JUMP35fold1_z JUMP33fold1_z JUMP34fold1_z JUMPXfold1_z JUMPYfold1_z JUMPZfold1_z JUMPLfold1_z JUMPTfold1_z JUMPKfold1_z JUMPHfold1_z
set_jump_group JUMPGROUP3 JUMP31fold111 JUMP31fold121 JUMP31fold131 JUMP32fold111 JUMP32fold121 JUMP35fold111 JUMP35fold131 JUMP33fold111 JUMP34fold111 JUMPXfold111 JUMPYfold111 JUMPZfold111 JUMPLfold111 JUMPTfold111 JUMPKfold111 JUMPHfold111
set_jump_group JUMPGROUP4 JUMP31fold111_x JUMP31fold121_x JUMP31fold131_x JUMP32fold111_x JUMP32fold121_x JUMP35fold111_x JUMP35fold131_x JUMP33fold111_x JUMP34fold111_x JUMPXfold111_x JUMPYfold111_x JUMPZfold111_x JUMPLfold111_x JUMPTfold111_x JUMPKfold111_x JUMPHfold111_x
set_jump_group JUMPGROUP5 JUMP31fold111_y JUMP31fold121_y JUMP31fold131_y JUMP32fold111_y JUMP32fold121_y JUMP35fold111_y JUMP35fold131_y JUMP33fold111_y JUMP34fold111_y JUMPXfold111_y JUMPYfold111_y JUMPZfold111_y JUMPLfold111_y JUMPTfold111_y JUMPKfold111_y JUMPHfold111_y
