#righthanded=True
#normalized=True
symmetry_name /home/shared/databases/SYMMETRICAL/I/unrelaxed/native/../../idealized/symdef/native/1STM.symm
E = 60*VRTHFfold111_sds + 60*(VRTHFfold111_sds:VRTHFfold121_sds) + 60*(VRTHFfold111_sds:VRTHFfold131_sds) + 60*(VRTHFfold111_sds:VRT3fold111_sds) + 30*(VRTHFfold111_sds:VRT2fold111_sds) + 30*(VRTHFfold111_sds:VRT3fold121_sds)
anchor_residue COM
virtual_coordinates_start
xyz VRTglobal 1.000000,0.000000,0.000000 0.000000,1.000000,0.000000 0.000000,0.000000,0.000000
xyz VRTHFfold1_z_tref -1.000000,0.000000,0.000000 0.000000,1.000000,0.000000 0.000000,0.000000,-1.000000
xyz VRTHFfold -1.000000,0.000000,0.000000 0.000000,1.000000,0.000000 0.000000,0.000000,0.000000
xyz VRTHFfold1 -1.000000,0.000000,0.000000 0.000000,1.000000,0.000000 0.000000,0.000000,0.000000
xyz VRTHFfold1_z_rref -1.000000,0.000000,0.000000 0.000000,1.000000,0.000000 0.000000,0.000000,1.000000
xyz VRTHFfold1_z -1.000000,0.000000,0.000000 0.000000,1.000000,0.000000 0.000000,0.000000,0.000000
xyz VRTHFfold111_x_tref -1.000000,0.000000,0.000000 0.000000,1.000000,0.000000 -1.000000,0.000000,0.000000
xyz VRTHFfold11 -1.000000,0.000000,0.000000 0.000000,1.000000,0.000000 0.000000,0.000000,0.000000
xyz VRTHFfold111 -1.000000,0.000000,0.000000 0.000000,1.000000,0.000000 0.000000,0.000000,0.000000
xyz VRTHFfold111_x_rref -1.000000,0.000000,0.000000 0.000000,1.000000,0.000000 1.000000,0.000000,0.000000
xyz VRTHFfold111_x -1.000000,0.000000,0.000000 0.000000,1.000000,0.000000 0.000000,0.000000,0.000000
xyz VRTHFfold111_y_rref -1.000000,0.000000,0.000000 0.000000,1.000000,0.000000 0.000000,-1.000000,0.000000
xyz VRTHFfold111_y -1.000000,0.000000,0.000000 0.000000,1.000000,0.000000 0.000000,0.000000,0.000000
xyz VRTHFfold111_z_rref -1.000000,0.000000,0.000000 0.000000,1.000000,0.000000 0.000000,0.000000,1.000000
xyz VRTHFfold111_z -1.000000,0.000000,0.000000 0.000000,1.000000,0.000000 0.000000,0.000000,0.000000
xyz VRTHFfold111_sds -1.000000,0.000000,0.000000 0.000000,1.000000,0.000000 0.000000,0.000000,0.000000
xyz VRTHFfold121_x_tref -0.309017,0.951057,0.000000 0.951057,0.309017,0.000000 -0.309017,0.951057,0.000000
xyz VRTHFfold12 -0.309017,0.951057,0.000000 0.951057,0.309017,0.000000 0.000000,0.000000,0.000000
xyz VRTHFfold121 -0.309017,0.951057,0.000000 0.951057,0.309017,0.000000 0.000000,0.000000,0.000000
xyz VRTHFfold121_x_rref -0.309017,0.951057,0.000000 0.951057,0.309017,0.000000 0.309017,-0.951057,0.000000
xyz VRTHFfold121_x -0.309017,0.951057,0.000000 0.951057,0.309017,0.000000 0.000000,0.000000,0.000000
xyz VRTHFfold121_y_rref -0.309017,0.951057,0.000000 0.951057,0.309017,0.000000 -0.951057,-0.309017,0.000000
xyz VRTHFfold121_y -0.309017,0.951057,0.000000 0.951057,0.309017,0.000000 0.000000,0.000000,0.000000
xyz VRTHFfold121_z_rref -0.309017,0.951057,0.000000 0.951057,0.309017,0.000000 0.000000,0.000000,1.000000
xyz VRTHFfold121_z -0.309017,0.951057,0.000000 0.951057,0.309017,0.000000 0.000000,0.000000,0.000000
xyz VRTHFfold121_sds -0.309017,0.951057,0.000000 0.951057,0.309017,0.000000 0.000000,0.000000,0.000000
xyz VRTHFfold131_x_tref 0.809017,0.587785,0.000000 0.587785,-0.809017,0.000000 0.809017,0.587785,0.000000
xyz VRTHFfold13 0.809017,0.587785,0.000000 0.587785,-0.809017,0.000000 0.000000,0.000000,0.000000
xyz VRTHFfold131 0.809017,0.587785,0.000000 0.587785,-0.809017,0.000000 0.000000,0.000000,0.000000
xyz VRTHFfold131_x_rref 0.809017,0.587785,0.000000 0.587785,-0.809017,0.000000 -0.809017,-0.587785,0.000000
xyz VRTHFfold131_x 0.809017,0.587785,0.000000 0.587785,-0.809017,0.000000 0.000000,0.000000,0.000000
xyz VRTHFfold131_y_rref 0.809017,0.587785,0.000000 0.587785,-0.809017,0.000000 -0.587785,0.809017,0.000000
xyz VRTHFfold131_y 0.809017,0.587785,0.000000 0.587785,-0.809017,0.000000 0.000000,0.000000,0.000000
xyz VRTHFfold131_z_rref 0.809017,0.587785,0.000000 0.587785,-0.809017,0.000000 0.000000,0.000000,1.000000
xyz VRTHFfold131_z 0.809017,0.587785,0.000000 0.587785,-0.809017,0.000000 0.000000,0.000000,0.000000
xyz VRTHFfold131_sds 0.809017,0.587785,0.000000 0.587785,-0.809017,0.000000 0.000000,0.000000,0.000000
xyz VRTHFfold141_x_tref 0.809017,-0.587785,0.000000 -0.587785,-0.809017,0.000000 0.809017,-0.587785,0.000000
xyz VRTHFfold14 0.809017,-0.587785,0.000000 -0.587785,-0.809017,0.000000 0.000000,0.000000,0.000000
xyz VRTHFfold141 0.809017,-0.587785,0.000000 -0.587785,-0.809017,0.000000 0.000000,0.000000,0.000000
xyz VRTHFfold141_x_rref 0.809017,-0.587785,0.000000 -0.587785,-0.809017,0.000000 -0.809017,0.587785,0.000000
xyz VRTHFfold141_x 0.809017,-0.587785,0.000000 -0.587785,-0.809017,0.000000 0.000000,0.000000,0.000000
xyz VRTHFfold141_y_rref 0.809017,-0.587785,0.000000 -0.587785,-0.809017,0.000000 0.587785,0.809017,0.000000
xyz VRTHFfold141_y 0.809017,-0.587785,0.000000 -0.587785,-0.809017,0.000000 0.000000,0.000000,0.000000
xyz VRTHFfold141_z_rref 0.809017,-0.587785,0.000000 -0.587785,-0.809017,0.000000 0.000000,0.000000,1.000000
xyz VRTHFfold141_z 0.809017,-0.587785,0.000000 -0.587785,-0.809017,0.000000 0.000000,0.000000,0.000000
xyz VRTHFfold141_sds 0.809017,-0.587785,0.000000 -0.587785,-0.809017,0.000000 0.000000,0.000000,0.000000
xyz VRTHFfold151_x_tref -0.309017,-0.951057,0.000000 -0.951057,0.309017,0.000000 -0.309017,-0.951057,0.000000
xyz VRTHFfold15 -0.309017,-0.951057,0.000000 -0.951057,0.309017,0.000000 0.000000,0.000000,0.000000
xyz VRTHFfold151 -0.309017,-0.951057,0.000000 -0.951057,0.309017,0.000000 0.000000,0.000000,0.000000
xyz VRTHFfold151_x_rref -0.309017,-0.951057,0.000000 -0.951057,0.309017,0.000000 0.309017,0.951057,0.000000
xyz VRTHFfold151_x -0.309017,-0.951057,0.000000 -0.951057,0.309017,0.000000 0.000000,0.000000,0.000000
xyz VRTHFfold151_y_rref -0.309017,-0.951057,0.000000 -0.951057,0.309017,0.000000 0.951057,-0.309017,0.000000
xyz VRTHFfold151_y -0.309017,-0.951057,0.000000 -0.951057,0.309017,0.000000 0.000000,0.000000,0.000000
xyz VRTHFfold151_z_rref -0.309017,-0.951057,0.000000 -0.951057,0.309017,0.000000 0.000000,0.000000,1.000000
xyz VRTHFfold151_z -0.309017,-0.951057,0.000000 -0.951057,0.309017,0.000000 0.000000,0.000000,0.000000
xyz VRTHFfold151_sds -0.309017,-0.951057,0.000000 -0.951057,0.309017,0.000000 0.000000,0.000000,0.000000
xyz VRT3fold1_z_tref -0.638197,0.262866,0.723607 -0.262866,0.809017,-0.525731 -0.723607,-0.525731,-0.447214
xyz VRT3fold -0.638197,0.262866,0.723607 -0.262866,0.809017,-0.525731 0.000000,0.000000,0.000000
xyz VRT3fold1 -0.638197,0.262866,0.723607 -0.262866,0.809017,-0.525731 0.000000,0.000000,0.000000
xyz VRT3fold1_z_rref -0.638197,0.262866,0.723607 -0.262866,0.809017,-0.525731 0.723607,0.525731,0.447214
xyz VRT3fold1_z -0.638197,0.262866,0.723607 -0.262866,0.809017,-0.525731 0.000000,0.000000,0.000000
xyz VRT3fold111_x_tref -0.052786,0.688191,-0.723607 0.688191,-0.500000,-0.525732 -0.052786,0.688191,-0.723607
xyz VRT3fold11 -0.052786,0.688191,-0.723607 0.688191,-0.500000,-0.525732 0.000000,0.000000,0.000000
xyz VRT3fold111 -0.052786,0.688191,-0.723607 0.688191,-0.500000,-0.525732 0.000000,0.000000,0.000000
xyz VRT3fold111_x_rref -0.052786,0.688191,-0.723607 0.688191,-0.500000,-0.525732 0.052786,-0.688191,0.723607
xyz VRT3fold111_x -0.052786,0.688191,-0.723607 0.688191,-0.500000,-0.525732 0.000000,0.000000,0.000000
xyz VRT3fold111_y_rref -0.052786,0.688191,-0.723607 0.688191,-0.500000,-0.525732 -0.688191,0.500000,0.525732
xyz VRT3fold111_y -0.052786,0.688191,-0.723607 0.688191,-0.500000,-0.525732 0.000000,0.000000,0.000000
xyz VRT3fold111_z_rref -0.052786,0.688191,-0.723607 0.688191,-0.500000,-0.525732 0.723607,0.525731,0.447214
xyz VRT3fold111_z -0.052786,0.688191,-0.723607 0.688191,-0.500000,-0.525732 0.000000,0.000000,0.000000
xyz VRT3fold111_sds -0.052786,0.688191,-0.723607 0.688191,-0.500000,-0.525732 0.000000,0.000000,0.000000
xyz VRT3fold121_x_tref 0.638197,-0.262866,-0.723607 0.262866,-0.809017,0.525731 0.638197,-0.262866,-0.723607
xyz VRT3fold12 0.638197,-0.262866,-0.723607 0.262866,-0.809017,0.525731 0.000000,0.000000,0.000000
xyz VRT3fold121 0.638197,-0.262866,-0.723607 0.262866,-0.809017,0.525731 0.000000,0.000000,0.000000
xyz VRT3fold121_x_rref 0.638197,-0.262866,-0.723607 0.262866,-0.809017,0.525731 -0.638197,0.262866,0.723607
xyz VRT3fold121_x 0.638197,-0.262866,-0.723607 0.262866,-0.809017,0.525731 0.000000,0.000000,0.000000
xyz VRT3fold121_y_rref 0.638197,-0.262866,-0.723607 0.262866,-0.809017,0.525731 -0.262866,0.809017,-0.525731
xyz VRT3fold121_y 0.638197,-0.262866,-0.723607 0.262866,-0.809017,0.525731 0.000000,0.000000,0.000000
xyz VRT3fold121_z_rref 0.638197,-0.262866,-0.723607 0.262866,-0.809017,0.525731 0.723607,0.525731,0.447214
xyz VRT3fold121_z 0.638197,-0.262866,-0.723607 0.262866,-0.809017,0.525731 0.000000,0.000000,0.000000
xyz VRT3fold121_sds 0.638197,-0.262866,-0.723607 0.262866,-0.809017,0.525731 0.000000,0.000000,0.000000
xyz VRT2fold1_z_tref -0.638197,-0.262865,0.723607 0.262865,0.809016,0.525732 -0.723607,0.525732,-0.447214
xyz VRT2fold -0.638197,-0.262865,0.723607 0.262865,0.809016,0.525732 0.000000,0.000000,0.000000
xyz VRT2fold1 -0.638197,-0.262865,0.723607 0.262865,0.809016,0.525732 0.000000,0.000000,0.000000
xyz VRT2fold1_z_rref -0.638197,-0.262865,0.723607 0.262865,0.809016,0.525732 0.723607,-0.525732,0.447214
xyz VRT2fold1_z -0.638197,-0.262865,0.723607 0.262865,0.809016,0.525732 0.000000,0.000000,0.000000
xyz VRT2fold111_x_tref 0.638197,0.262865,-0.723607 -0.262865,-0.809016,-0.525732 0.638197,0.262865,-0.723607
xyz VRT2fold11 0.638197,0.262865,-0.723607 -0.262865,-0.809016,-0.525732 0.000000,0.000000,0.000000
xyz VRT2fold111 0.638197,0.262865,-0.723607 -0.262865,-0.809016,-0.525732 0.000000,0.000000,0.000000
xyz VRT2fold111_x_rref 0.638197,0.262865,-0.723607 -0.262865,-0.809016,-0.525732 -0.638197,-0.262865,0.723607
xyz VRT2fold111_x 0.638197,0.262865,-0.723607 -0.262865,-0.809016,-0.525732 0.000000,0.000000,0.000000
xyz VRT2fold111_y_rref 0.638197,0.262865,-0.723607 -0.262865,-0.809016,-0.525732 0.262865,0.809016,0.525732
xyz VRT2fold111_y 0.638197,0.262865,-0.723607 -0.262865,-0.809016,-0.525732 0.000000,0.000000,0.000000
xyz VRT2fold111_z_rref 0.638197,0.262865,-0.723607 -0.262865,-0.809016,-0.525732 0.723607,-0.525732,0.447214
xyz VRT2fold111_z 0.638197,0.262865,-0.723607 -0.262865,-0.809016,-0.525732 0.000000,0.000000,0.000000
xyz VRT2fold111_sds 0.638197,0.262865,-0.723607 -0.262865,-0.809016,-0.525732 0.000000,0.000000,0.000000
xyz VRT2fold121_x_tref -0.052786,-0.688191,-0.723607 -0.688191,-0.500000,0.525731 -0.052786,-0.688191,-0.723607
xyz VRT2fold12 -0.052786,-0.688191,-0.723607 -0.688191,-0.500000,0.525731 0.000000,0.000000,0.000000
xyz VRT2fold121 -0.052786,-0.688191,-0.723607 -0.688191,-0.500000,0.525731 0.000000,0.000000,0.000000
xyz VRT2fold121_x_rref -0.052786,-0.688191,-0.723607 -0.688191,-0.500000,0.525731 0.052786,0.688191,0.723607
xyz VRT2fold121_x -0.052786,-0.688191,-0.723607 -0.688191,-0.500000,0.525731 0.000000,0.000000,0.000000
xyz VRT2fold121_y_rref -0.052786,-0.688191,-0.723607 -0.688191,-0.500000,0.525731 0.688191,0.500000,-0.525731
xyz VRT2fold121_y -0.052786,-0.688191,-0.723607 -0.688191,-0.500000,0.525731 0.000000,0.000000,0.000000
xyz VRT2fold121_z_rref -0.052786,-0.688191,-0.723607 -0.688191,-0.500000,0.525731 0.723607,-0.525732,0.447214
xyz VRT2fold121_z -0.052786,-0.688191,-0.723607 -0.688191,-0.500000,0.525731 0.000000,0.000000,0.000000
xyz VRT2fold121_sds -0.052786,-0.688191,-0.723607 -0.688191,-0.500000,0.525731 0.000000,0.000000,0.000000
virtual_coordinates_stop
connect_virtual JUMPHFfold1_z_tref VRTglobal VRTHFfold1_z_tref
connect_virtual JUMPHFfold VRTHFfold1_z_tref VRTHFfold
connect_virtual JUMPHFfold1 VRTHFfold VRTHFfold1
connect_virtual JUMPHFfold1_z_rref VRTHFfold1 VRTHFfold1_z_rref
connect_virtual JUMPHFfold1_z VRTHFfold1_z_rref VRTHFfold1_z
connect_virtual JUMPHFfold111_x_tref VRTHFfold1_z VRTHFfold111_x_tref
connect_virtual JUMPHFfold11 VRTHFfold111_x_tref VRTHFfold11
connect_virtual JUMPHFfold111 VRTHFfold11 VRTHFfold111
connect_virtual JUMPHFfold111_x_rref VRTHFfold111 VRTHFfold111_x_rref
connect_virtual JUMPHFfold111_x VRTHFfold111_x_rref VRTHFfold111_x
connect_virtual JUMPHFfold111_y_rref VRTHFfold111_x VRTHFfold111_y_rref
connect_virtual JUMPHFfold111_y VRTHFfold111_y_rref VRTHFfold111_y
connect_virtual JUMPHFfold111_z_rref VRTHFfold111_y VRTHFfold111_z_rref
connect_virtual JUMPHFfold111_z VRTHFfold111_z_rref VRTHFfold111_z
connect_virtual JUMPHFfold111_sds VRTHFfold111_z VRTHFfold111_sds
connect_virtual JUMPHFfold111_subunit VRTHFfold111_sds SUBUNIT
connect_virtual JUMPHFfold121_x_tref VRTHFfold1_z VRTHFfold121_x_tref
connect_virtual JUMPHFfold12 VRTHFfold121_x_tref VRTHFfold12
connect_virtual JUMPHFfold121 VRTHFfold12 VRTHFfold121
connect_virtual JUMPHFfold121_x_rref VRTHFfold121 VRTHFfold121_x_rref
connect_virtual JUMPHFfold121_x VRTHFfold121_x_rref VRTHFfold121_x
connect_virtual JUMPHFfold121_y_rref VRTHFfold121_x VRTHFfold121_y_rref
connect_virtual JUMPHFfold121_y VRTHFfold121_y_rref VRTHFfold121_y
connect_virtual JUMPHFfold121_z_rref VRTHFfold121_y VRTHFfold121_z_rref
connect_virtual JUMPHFfold121_z VRTHFfold121_z_rref VRTHFfold121_z
connect_virtual JUMPHFfold121_sds VRTHFfold121_z VRTHFfold121_sds
connect_virtual JUMPHFfold121_subunit VRTHFfold121_sds SUBUNIT
connect_virtual JUMPHFfold131_x_tref VRTHFfold1_z VRTHFfold131_x_tref
connect_virtual JUMPHFfold13 VRTHFfold131_x_tref VRTHFfold13
connect_virtual JUMPHFfold131 VRTHFfold13 VRTHFfold131
connect_virtual JUMPHFfold131_x_rref VRTHFfold131 VRTHFfold131_x_rref
connect_virtual JUMPHFfold131_x VRTHFfold131_x_rref VRTHFfold131_x
connect_virtual JUMPHFfold131_y_rref VRTHFfold131_x VRTHFfold131_y_rref
connect_virtual JUMPHFfold131_y VRTHFfold131_y_rref VRTHFfold131_y
connect_virtual JUMPHFfold131_z_rref VRTHFfold131_y VRTHFfold131_z_rref
connect_virtual JUMPHFfold131_z VRTHFfold131_z_rref VRTHFfold131_z
connect_virtual JUMPHFfold131_sds VRTHFfold131_z VRTHFfold131_sds
connect_virtual JUMPHFfold131_subunit VRTHFfold131_sds SUBUNIT
connect_virtual JUMPHFfold141_x_tref VRTHFfold1_z VRTHFfold141_x_tref
connect_virtual JUMPHFfold14 VRTHFfold141_x_tref VRTHFfold14
connect_virtual JUMPHFfold141 VRTHFfold14 VRTHFfold141
connect_virtual JUMPHFfold141_x_rref VRTHFfold141 VRTHFfold141_x_rref
connect_virtual JUMPHFfold141_x VRTHFfold141_x_rref VRTHFfold141_x
connect_virtual JUMPHFfold141_y_rref VRTHFfold141_x VRTHFfold141_y_rref
connect_virtual JUMPHFfold141_y VRTHFfold141_y_rref VRTHFfold141_y
connect_virtual JUMPHFfold141_z_rref VRTHFfold141_y VRTHFfold141_z_rref
connect_virtual JUMPHFfold141_z VRTHFfold141_z_rref VRTHFfold141_z
connect_virtual JUMPHFfold141_sds VRTHFfold141_z VRTHFfold141_sds
connect_virtual JUMPHFfold141_subunit VRTHFfold141_sds SUBUNIT
connect_virtual JUMPHFfold151_x_tref VRTHFfold1_z VRTHFfold151_x_tref
connect_virtual JUMPHFfold15 VRTHFfold151_x_tref VRTHFfold15
connect_virtual JUMPHFfold151 VRTHFfold15 VRTHFfold151
connect_virtual JUMPHFfold151_x_rref VRTHFfold151 VRTHFfold151_x_rref
connect_virtual JUMPHFfold151_x VRTHFfold151_x_rref VRTHFfold151_x
connect_virtual JUMPHFfold151_y_rref VRTHFfold151_x VRTHFfold151_y_rref
connect_virtual JUMPHFfold151_y VRTHFfold151_y_rref VRTHFfold151_y
connect_virtual JUMPHFfold151_z_rref VRTHFfold151_y VRTHFfold151_z_rref
connect_virtual JUMPHFfold151_z VRTHFfold151_z_rref VRTHFfold151_z
connect_virtual JUMPHFfold151_sds VRTHFfold151_z VRTHFfold151_sds
connect_virtual JUMPHFfold151_subunit VRTHFfold151_sds SUBUNIT
connect_virtual JUMP3fold1_z_tref VRTglobal VRT3fold1_z_tref
connect_virtual JUMP3fold VRT3fold1_z_tref VRT3fold
connect_virtual JUMP3fold1 VRT3fold VRT3fold1
connect_virtual JUMP3fold1_z_rref VRT3fold1 VRT3fold1_z_rref
connect_virtual JUMP3fold1_z VRT3fold1_z_rref VRT3fold1_z
connect_virtual JUMP3fold111_x_tref VRT3fold1_z VRT3fold111_x_tref
connect_virtual JUMP3fold11 VRT3fold111_x_tref VRT3fold11
connect_virtual JUMP3fold111 VRT3fold11 VRT3fold111
connect_virtual JUMP3fold111_x_rref VRT3fold111 VRT3fold111_x_rref
connect_virtual JUMP3fold111_x VRT3fold111_x_rref VRT3fold111_x
connect_virtual JUMP3fold111_y_rref VRT3fold111_x VRT3fold111_y_rref
connect_virtual JUMP3fold111_y VRT3fold111_y_rref VRT3fold111_y
connect_virtual JUMP3fold111_z_rref VRT3fold111_y VRT3fold111_z_rref
connect_virtual JUMP3fold111_z VRT3fold111_z_rref VRT3fold111_z
connect_virtual JUMP3fold111_sds VRT3fold111_z VRT3fold111_sds
connect_virtual JUMP3fold111_subunit VRT3fold111_sds SUBUNIT
connect_virtual JUMP3fold121_x_tref VRT3fold1_z VRT3fold121_x_tref
connect_virtual JUMP3fold12 VRT3fold121_x_tref VRT3fold12
connect_virtual JUMP3fold121 VRT3fold12 VRT3fold121
connect_virtual JUMP3fold121_x_rref VRT3fold121 VRT3fold121_x_rref
connect_virtual JUMP3fold121_x VRT3fold121_x_rref VRT3fold121_x
connect_virtual JUMP3fold121_y_rref VRT3fold121_x VRT3fold121_y_rref
connect_virtual JUMP3fold121_y VRT3fold121_y_rref VRT3fold121_y
connect_virtual JUMP3fold121_z_rref VRT3fold121_y VRT3fold121_z_rref
connect_virtual JUMP3fold121_z VRT3fold121_z_rref VRT3fold121_z
connect_virtual JUMP3fold121_sds VRT3fold121_z VRT3fold121_sds
connect_virtual JUMP3fold121_subunit VRT3fold121_sds SUBUNIT
connect_virtual JUMP2fold1_z_tref VRTglobal VRT2fold1_z_tref
connect_virtual JUMP2fold VRT2fold1_z_tref VRT2fold
connect_virtual JUMP2fold1 VRT2fold VRT2fold1
connect_virtual JUMP2fold1_z_rref VRT2fold1 VRT2fold1_z_rref
connect_virtual JUMP2fold1_z VRT2fold1_z_rref VRT2fold1_z
connect_virtual JUMP2fold111_x_tref VRT2fold1_z VRT2fold111_x_tref
connect_virtual JUMP2fold11 VRT2fold111_x_tref VRT2fold11
connect_virtual JUMP2fold111 VRT2fold11 VRT2fold111
connect_virtual JUMP2fold111_x_rref VRT2fold111 VRT2fold111_x_rref
connect_virtual JUMP2fold111_x VRT2fold111_x_rref VRT2fold111_x
connect_virtual JUMP2fold111_y_rref VRT2fold111_x VRT2fold111_y_rref
connect_virtual JUMP2fold111_y VRT2fold111_y_rref VRT2fold111_y
connect_virtual JUMP2fold111_z_rref VRT2fold111_y VRT2fold111_z_rref
connect_virtual JUMP2fold111_z VRT2fold111_z_rref VRT2fold111_z
connect_virtual JUMP2fold111_sds VRT2fold111_z VRT2fold111_sds
connect_virtual JUMP2fold111_subunit VRT2fold111_sds SUBUNIT
connect_virtual JUMP2fold121_x_tref VRT2fold1_z VRT2fold121_x_tref
connect_virtual JUMP2fold12 VRT2fold121_x_tref VRT2fold12
connect_virtual JUMP2fold121 VRT2fold12 VRT2fold121
connect_virtual JUMP2fold121_x_rref VRT2fold121 VRT2fold121_x_rref
connect_virtual JUMP2fold121_x VRT2fold121_x_rref VRT2fold121_x
connect_virtual JUMP2fold121_y_rref VRT2fold121_x VRT2fold121_y_rref
connect_virtual JUMP2fold121_y VRT2fold121_y_rref VRT2fold121_y
connect_virtual JUMP2fold121_z_rref VRT2fold121_y VRT2fold121_z_rref
connect_virtual JUMP2fold121_z VRT2fold121_z_rref VRT2fold121_z
connect_virtual JUMP2fold121_sds VRT2fold121_z VRT2fold121_sds
connect_virtual JUMP2fold121_subunit VRT2fold121_sds SUBUNIT
set_dof JUMPHFfold1 z(15)
set_dof JUMPHFfold1_z angle_z(0.0)
set_dof JUMPHFfold111 x(5)
set_dof JUMPHFfold111_x angle_x(0.0)
set_dof JUMPHFfold111_y angle_y(0.0)
set_dof JUMPHFfold111_z angle_z(0.0)
set_jump_group JUMPGROUP1 JUMPHFfold1 JUMP3fold1 JUMP2fold1
set_jump_group JUMPGROUP2 JUMPHFfold1_z JUMP3fold1_z JUMP2fold1_z
set_jump_group JUMPGROUP3 JUMPHFfold111 JUMPHFfold121 JUMPHFfold131 JUMPHFfold141 JUMPHFfold151 JUMP3fold111 JUMP3fold121 JUMP2fold111 JUMP2fold121
set_jump_group JUMPGROUP4 JUMPHFfold111_x JUMPHFfold121_x JUMPHFfold131_x JUMPHFfold141_x JUMPHFfold151_x JUMP3fold111_x JUMP3fold121_x JUMP2fold111_x JUMP2fold121_x
set_jump_group JUMPGROUP5 JUMPHFfold111_y JUMPHFfold121_y JUMPHFfold131_y JUMPHFfold141_y JUMPHFfold151_y JUMP3fold111_y JUMP3fold121_y JUMP2fold111_y JUMP2fold121_y
set_jump_group JUMPGROUP6 JUMPHFfold111_z JUMPHFfold121_z JUMPHFfold131_z JUMPHFfold141_z JUMPHFfold151_z JUMP3fold111_z JUMP3fold121_z JUMP2fold111_z JUMP2fold121_z
set_jump_group JUMPGROUP7 JUMPHFfold111_sds JUMPHFfold121_sds JUMPHFfold131_sds JUMPHFfold141_sds JUMPHFfold151_sds JUMP3fold111_sds JUMP3fold121_sds JUMP2fold111_sds JUMP2fold121_sds
set_jump_group JUMPGROUP8 JUMPHFfold111_subunit JUMPHFfold121_subunit JUMPHFfold131_subunit JUMPHFfold141_subunit JUMPHFfold151_subunit JUMP3fold111_subunit JUMP3fold121_subunit JUMP2fold111_subunit JUMP2fold121_subunit